46,581
89,582
125,588
163,597
200,596
238,606
275,603
313,601
350,597
388,585
425,590
462,600
500,596
537,607
576,604
613,604
651,596
688,591
726,594
762,602
800,605
837,614
875,609
912,610
950,603
987,605
1025,602
1062,600
1099,604
1137,608
1174,600
1212,616
1249,614
1287,595
1324,598
1361,598
1398,615
1436,613
1473,616
1511,605
1549,617
1586,617
1624,608
1660,607
1698,620
1736,621
1774,619
1811,620
1849,614
1886,612
1924,613
1960,618
1998,614
2035,623
2073,626
2108,623
2146,626
2184,613
2221,611
2258,611
2296,621
2333,625
2371,623
2409,627
2446,628
2484,621
2522,622
2558,618
2596,617
2634,628
2671,631
2709,634
2747,636
2784,633
2822,624
2860,619
2897,622
2935,613
2972,632
3010,638
3048,636
3085,637
3123,649
3161,635
3197,627
3235,624
3273,626
3311,635
3348,639
3386,636
3424,638
3461,637
3499,633
3536,626
3573,630
3611,633
3649,643
3686,640
3724,643
3762,644
3799,640
3836,636
3874,633
3911,639
3949,643
3987,644
4027,643
4065,654
4103,649
4141,653
4177,640
4215,646
4253,638
4290,644
4328,649
4365,642
4403,650
4441,648
4478,653
4515,650
4553,647
4591,638
4628,647
4666,654
4704,657
4741,662
4779,663
4816,653
4853,653
4891,642
4929,648
4966,654
5004,661
5042,658
5079,653
5116,654
5154,660
5191,651
5230,654
5267,647
5305,656
5343,665
5380,664
5417,669
5455,668
5492,656
5530,658
5568,655
5605,655
5643,664
5681,663
5718,671
5755,664
5793,664
5830,664
5868,655
5906,659
5946,652
5983,658
6021,675
6059,665
6095,676
6133,684
6171,668
6208,665
6246,662
6284,659
6321,670
6360,674
6396,670
6434,673
6472,683
6509,669
6547,662
6585,668
6622,664
6660,668
6696,671
6734,682
6772,680
6809,675
6847,668
6885,660
6922,664
6960,670
6998,668
7034,680
7072,683
7110,689
7147,683
7185,683
7223,682
7260,684
7298,697
7334,704
7372,706
7410,708
7448,709
7485,700
7524,702
7561,697
7599,687
7636,700
7673,707
7711,704
7749,708
7786,710
7824,703
7864,696
7902,676
7939,679
7976,679
8014,679
8052,690
8089,684
8127,686
8165,684
8202,680
8240,674
8278,677
8314,674
8352,685
8389,690
8427,687
8465,694
8502,694
8540,684
8578,682
8614,680
8652,686
8690,692
8728,698
8766,695
8803,699
8841,693
8879,687
8915,684
8953,683
8991,686
9028,701
9066,699
9103,704
9141,704
9179,695
9216,689
9253,681
9291,696
9328,699
9366,702
9404,700
9441,702
9479,702
9517,691
9553,690
9591,691
9629,693
9666,695
9704,709
9741,705
9782,703
9820,707
9858,703
9895,693
9932,699
9970,692
10008,687
10045,708
10083,691
10121,702
10158,703
10195,689
10233,701
10271,683
10308,686
10346,673
10384,699
10421,698
10459,698
10497,704
10534,698
10571,691
10609,686
10647,688
10684,690
10722,699
10760,696
10797,695
10834,686
10872,697
10909,698
10947,685
10986,686
11023,688
11061,699
11099,703
11136,698
11173,702
11211,702
11249,697
11286,694
11324,693
11362,695
11399,700
11437,703
11474,709
11511,704
11552,713
11589,706
11627,698
11665,692
11703,691
11740,704
11778,708
11815,709
11852,715
11890,709
11928,711
11965,707
12003,697
12041,705
12079,711
12115,712
12154,711
12191,720
12229,716
12267,715
12304,704
12342,700
12380,698
12417,707
12454,713
12492,718
12530,721
12567,712
12605,705
12643,711
12680,711
12718,702
12755,716
12792,718
12830,720
12868,731
12906,720
12943,711
12981,722
13019,703
13056,707
13093,715
13131,715
13168,722
13206,721
13244,724
13282,715
13322,722
13360,711
13398,706
13434,716
13472,724
13509,723
13547,726
13584,730
13622,733
13660,721
13697,716
13734,708
13771,721
13809,720
13846,721
13884,728
13921,727
13959,726
13997,716
14033,712
14071,719
14108,730
14146,730
14183,727
14221,729
14259,727
14296,727
14333,721
14370,711
14408,727
14446,732
14484,730
14521,733
14559,726
14596,729
14633,725
14670,720
14708,725
14746,735
14783,734
14821,738
14858,727
14896,715
14932,721
14970,716
15007,722
15045,733
15080,732
15118,736
15156,729
15193,731
15230,718
15267,717
15305,734
15342,732
15380,734
15417,739
15455,742
15493,726
15529,727
15567,722
15605,723
15643,739
15680,741
15718,746
15755,731
15793,737
15830,736
15867,728
15905,729
15942,743
15980,735
16017,735
16055,739
16092,736
16130,732
16166,733
16204,726
16242,728
16279,746
16317,742
16354,738
16392,742
16429,732
16466,734
16504,728
16541,724
16579,745
16616,741
16654,737
16691,742
16729,739
16766,742
16806,739
16844,729
16882,732
16920,732
16957,741
16995,742
17033,747
17070,746
17107,743
17145,743
17182,734
17220,730
17258,743
17295,746
17333,744
17371,750
17409,750
17445,747
17483,740
17521,741
17558,734
17596,738
17634,743
17672,751
17709,746
17746,743
17784,746
17821,739
17859,741
17897,737
17935,742
17973,748
18011,751
18048,750
18085,753
18123,747
18160,745
18198,748
18236,735
18274,739
18311,746
18349,750
18386,754
18423,755
18461,749
18499,748
18536,747
18577,737
18615,747
18652,742
18690,753
18727,755
18765,754
18802,747
18840,744
18878,748
18916,738
18953,741
18991,747
19028,755
19072,742
19108,753
19146,750
19184,755
19221,760
19259,751
19297,747
19335,751
19373,743
19409,744
19447,752
19485,753
19523,757
19560,763
19598,757
19636,751
19673,743
19710,742
19748,741
19786,751
19823,759
19861,754
19899,759
19937,752
19974,754
20012,755
20049,740
20087,742
20124,755
20162,749
20200,759
20238,760
20276,756
20316,765
20354,760
20390,756
20428,747
20466,743
20504,750
20541,761
20579,756
20617,763
20654,759
20691,755
20729,756
20766,748
20804,741
20842,752
20879,764
20917,764
20955,759
20992,766
21029,759
21067,727
21105,747
21142,746
21180,759
21218,765
21255,758
21293,761
21330,759
21367,745
21406,754
21444,748
21481,750
21519,753
21557,761
21594,759
21632,761
21669,760
21706,758
21744,752
21782,748
21820,747
21857,756
21895,758
21933,764
21969,765
22007,757
22045,755
22085,763
22123,751
22160,757
22198,753
22236,757
22273,760
22310,758
22348,762
22385,762
22423,758
22461,750
22498,748
22537,752
22575,759
22611,764
22649,765
22687,766
22724,761
22762,761
22800,764
22837,748
22875,747
22913,756
22949,761
22987,769
23025,768
23062,764
23100,761
23138,752
23175,748
23213,760
23250,760
23287,765
23325,764
23363,769
23401,760
23438,760
23476,757
23514,748
23550,758
23588,760
23626,763
23663,768
23702,768
23740,766
23777,763
23818,758
23855,754
23892,751
23930,747
23967,765
24005,769
24043,763
24080,767
24118,765
24156,757
24193,759
24230,756
24268,766
24306,764
24343,760
24381,770
24419,771
24456,765
24494,760
24531,757
24568,751
24606,755
24644,766
24682,766
24719,769
24757,774
24795,769
24832,756
24870,764
24907,752
24945,749
24983,761
25021,763
25058,760
25096,772
25134,773
25170,760
25208,762
25246,757
25284,754
25321,759
25359,756
25397,768
25434,774
25472,766
25509,755
25546,754
25587,759
25624,754
25662,747
25700,761
25738,770
25775,769
25812,765
25850,764
25887,760
25925,755
25963,758
26001,756
26039,765
26077,769
26114,768
26151,772
26189,772
26227,760
26264,759
26302,758
26340,754
26377,761
26415,769
26452,771
26490,770
26527,769
26565,760
26603,763
26640,752
26678,759
26716,755
26753,765
26790,769
26828,764
26866,770
26903,765
26941,761
26979,755
27017,756
27054,757
27091,766
27129,767
27167,766
27205,772
27243,764
27280,769
27320,762
27358,752
27396,755
27432,765
27470,765
27507,774
27545,769
27582,767
27620,764
27658,754
27695,759
27732,756
27769,767
27807,764
27844,769
27882,770
27920,763
27957,763
27995,761
28032,755
28069,761
28106,778
28144,768
28182,773
28219,764
28257,763
28294,751
28333,757
28369,762
28407,770
28444,766
28482,772
28519,778
28557,768
28595,766
28632,760
28669,755
28706,765
28744,775
28781,762
28819,777
28857,771
28894,767
28932,760
28968,761
29006,759
29044,770
29091,768
29131,763
29170,764
29210,754
29250,756
29289,760
29329,757
29369,758
29408,757
29449,763
29489,758
29528,760
29568,763
29607,758
29646,760
29686,758
29726,759
29765,759
29805,761
29845,762
29884,758
29924,763
29964,754
30003,757
30043,763
30083,761
30121,763
30161,761
30201,766
30240,766
30280,758
30320,766
30359,762
30399,765
30439,768
30478,765
30518,763
30558,765
30597,764
30637,769
30678,769
30716,766
30756,767
30796,773
30835,771
30875,772
30917,764
30957,758
30997,762
31037,759
31076,764
31116,762
31156,767
31196,767
31236,765
31276,769
31314,766
31354,764
31394,765
31434,763
31474,770
31513,770
31553,769
31593,768
31633,766
31673,761
31712,751
31752,766
31792,772
31832,773
31872,768
31911,767
31951,769
31991,765
32031,766
32070,769
32110,766
32150,765
32190,770
32230,768
32269,772
32309,767
32349,770
32389,773
32429,765
32467,764
32507,775
32547,772
32587,772
32627,769
32666,774
32706,776
32746,769
32788,765
32828,766
32868,762
32908,759
32948,763
32987,768
33027,762
33067,764
33106,761
33146,761
33186,755
33226,779
33266,768
33306,762
33345,766
33385,769
33425,771
33465,761
33505,766
33544,766
33584,763
33624,767
33664,769
33702,763
33742,767
33782,770
33822,771
33862,766
33901,768
33941,768
33981,770
34021,769
34061,764
34100,776
34140,768
34180,761
34220,772
34259,770
34298,775
34339,771
34379,769
34419,771
34458,774
34498,772
34538,775
34578,767
34618,770
34655,768
34695,774
34735,778
34775,777
34813,770
34853,774
34893,773
34933,771
34972,767
35012,769
35052,765
35092,773
35132,781
35171,771
35211,770
35251,775
35291,771
35331,773
35369,774
35409,771
35449,771
35489,776
35528,773
35569,774
35609,757
35649,775
35688,777
35728,775
35768,771
35808,776
35848,778
35887,770
35927,773
35966,775
36006,771
36045,768
36085,782
36125,781
36165,774
36204,777
36244,774
36284,773
36324,776
36364,779
36404,777
36443,776
36486,779
36526,772
36564,774
36604,774
36644,776
36684,770
36723,774
36763,772
36804,770
36844,775
36883,776
36923,777
36963,773
37003,771
37043,770
37082,757
37122,774
37161,777
37201,770
37240,755
37280,777
37320,769
37360,773
37400,774
37439,779
37479,772
37519,765
37559,767
37599,776
37638,776
37678,774
37718,768
37757,776
37797,775
37836,776
37876,782
37916,779
37956,773
37996,777
38036,781
38076,784
38116,775
38155,771
