40,605
79,602
112,620
145,612
177,614
209,622
242,602
274,616
307,612
338,602
371,613
404,608
436,613
468,623
500,604
533,620
566,608
598,604
630,618
663,604
695,610
728,621
759,600
792,612
825,611
857,602
889,628
921,604
954,608
987,615
1018,601
1052,619
1084,612
1117,604
1149,623
1181,608
1214,604
1247,622
1280,606
1311,621
1344,612
1377,593
1409,614
1441,601
1474,607
1507,614
1543,617
1634,597
1667,620
1698,602
1731,609
1764,622
1796,598
1828,617
1861,618
1896,604
1929,614
1961,617
1994,598
2026,616
2059,609
2092,591
2124,617
2157,603
2189,608
2222,620
2254,602
2287,611
2320,616
2353,602
2385,619
2417,609
2450,610
2483,616
2515,601
2548,608
2580,620
2614,596
2647,610
2679,618
2712,598
2745,601
2777,613
2809,602
2842,618
2875,601
2908,604
2939,619
2972,600
3005,613
3038,612
3070,592
3102,621
3135,603
3168,598
3201,617
3232,609
3265,611
3298,614
3331,597
3363,608
3395,623
3428,599
3461,618
3493,599
3526,595
3561,613
3594,604
3627,591
3659,614
3692,603
3725,608
3758,610
3789,596
3822,607
3855,614
3888,593
3920,609
3952,602
3985,596
4018,616
4050,599
4083,606
4115,614
4148,592
4180,613
4213,612
4245,593
4278,616
4311,606
4343,606
4376,615
4408,598
4441,603
4473,609
4506,597
4539,614
4571,607
4603,588
4637,608
4670,594
4703,599
4734,615
4767,599
4800,599
4833,610
4866,579
4897,610
4930,607
4963,592
4996,613
5027,603
5060,607
5093,613
5126,599
5158,608
5190,613
5226,598
5259,601
5291,608
5323,599
5356,611
5389,606
5421,593
5453,609
5486,594
5519,595
5551,614
5583,599
5617,605
5650,612
5683,589
5714,610
5747,606
5780,592
5813,606
5844,594
5877,602
5910,609
5943,601
5975,606
6007,609
6040,590
6073,604
6106,604
6137,594
6170,611
6203,600
6236,604
6267,610
6300,593
6333,610
6366,608
6397,595
6430,606
6463,591
6496,601
6528,607
6560,589
6593,604
6627,609
6660,592
6691,608
6724,606
6757,586
6790,612
6821,602
6854,595
6887,614
6918,590
6949,608
6982,601
7015,587
7048,608
7079,599
7112,599
7145,607
7178,592
7211,608
7242,610
7275,588
7308,615
7341,598
7372,594
7405,605
7438,588
7471,598
7502,617
7535,593
7568,603
7601,601
7633,594
7666,622
7699,596
7732,600
7764,606
7796,599
7829,605
7862,603
7895,589
7926,607
7959,605
7992,595
8025,608
8057,596
8089,594
8122,612
8155,598
8187,600
8220,613
8252,591
8285,606
8317,598
8350,593
8382,606
8415,596
8448,590
8480,606
8512,588
8545,611
8581,615
8612,598
8646,604
8679,609
8712,595
8744,606
8776,602
8809,587
8842,607
8875,596
8906,595
8939,605
8972,588
9005,606
9037,611
9069,592
9102,608
9135,598
9167,590
9200,630
9232,593
9265,602
9297,614
9330,589
9363,609
9395,599
9427,586
9460,601
9493,599
9525,594
9558,613
9590,581
9623,596
9656,606
9689,590
9721,607
9754,603
9787,591
9820,608
9851,606
9884,593
9917,612
9950,597
9982,598
10015,613
10047,590
10080,604
10113,607
10145,589
10178,602
10213,591
10246,590
10278,606
10311,603
10343,589
10376,612
10408,593
10441,601
10474,604
10507,599
10539,603
10571,586
10604,588
10638,605
10671,606
10703,586
10735,603
10768,602
10801,592
10833,607
10866,599
10899,603
10931,606
10963,589
10996,600
11029,603
11062,592
11094,605
11126,591
11159,589
11192,603
11225,593
11257,607
11289,610
11322,589
11355,609
11387,607
11420,585
11453,617
11485,602
11517,597
11550,613
11583,592
11616,600
11649,611
11681,602
11714,612
11749,611
11782,591
11814,607
11846,612
11879,604
11912,614
11944,607
11976,588
12009,616
12042,603
12073,609
12106,616
12139,597
12171,614
12204,615
12236,597
12268,612
12301,599
12334,600
12366,593
12398,563
12431,550
12464,533
12495,517
12528,540
12561,534
12593,540
12625,549
12659,540
12691,546
12724,543
12756,519
12788,546
12821,534
12854,501
12887,507
12918,464
12951,458
12984,442
13016,430
13048,435
13081,425
13113,438
13146,451
13178,440
13210,447
13246,448
13279,424
13310,426
13343,440
13376,421
13408,436
13441,428
13473,407
13505,449
13538,447
13571,440
13602,456
13635,434
13669,461
13701,473
13733,448
13766,481
13799,485
13831,470
13863,488
13896,481
13928,484
13961,493
13993,476
14025,500
14058,492
14091,486
14123,512
14155,498
14188,505
14220,520
14253,490
14285,527
14318,530
14350,510
14383,537
14415,526
14447,522
14480,544
14513,524
14544,533
14577,535
14610,515
14642,551
14675,537
14708,511
14741,541
14776,545
14809,521
14840,545
14873,533
14906,523
14939,537
14971,520
15004,522
15036,528
15069,502
15101,518
15134,528
15167,510
15199,527
15232,523
15264,517
15297,540
15330,508
15363,526
15394,538
15427,517
15460,541
15493,538
15525,518
15558,544
15590,522
15623,522
15656,539
15689,531
15722,531
15754,546
15787,531
15819,547
15852,552
15885,526
15918,542
15949,545
15982,538
16015,559
16048,541
16080,554
16113,569
16145,544
16178,562
16210,570
16243,543
16276,578
16306,555
16338,557
16371,570
16404,549
16437,566
16468,564
16501,536
16534,569
16567,554
16600,548
16631,567
16665,550
16698,551
16731,565
16763,565
16796,560
16828,565
16861,540
16893,564
16926,556
16959,535
16992,561
17024,543
17056,552
17089,566
17122,542
17155,562
17186,564
17219,545
17252,557
17285,555
17317,542
17350,571
17382,562
17415,564
17447,571
17480,540
17513,570
17546,570
17577,547
17610,581
17643,562
17677,557
17710,573
17742,562
17774,554
17810,571
17843,557
17875,555
17908,580
17940,562
17973,568
18006,572
18038,553
18071,575
18104,569
18137,552
18262,573
18294,557
18327,576
18360,554
18393,559
18425,577
18457,551
18490,566
18523,574
18555,551
18588,565
18621,562
18654,544
18685,574
18718,558
18751,554
18784,575
18817,559
18848,571
18881,570
18914,551
18947,564
18979,556
19012,561
19045,566
19077,560
19109,559
19142,574
19175,548
19208,569
19239,573
19274,559
19307,575
19339,576
19372,545
19404,571
19439,572
19472,551
19505,572
19537,564
19570,552
19602,577
19635,558
19667,560
19700,572
19733,549
19765,570
19798,574
19830,554
19863,571
19896,569
19928,557
19960,591
19993,570
20026,572
20059,580
20091,554
20123,581
20156,575
20189,557
20221,582
20254,572
20287,558
20320,584
20353,566
20385,572
20417,588
20450,560
20483,583
20515,588
20548,563
20581,593
20613,590
20645,587
20678,591
20711,574
20744,580
20775,591
20808,577
20841,590
20874,590
20907,567
20941,591
20974,598
21007,568
21039,593
21071,590
21104,573
21137,603
21170,586
21202,583
21234,598
21268,577
21301,585
21334,595
21366,568
21398,591
21431,590
21464,571
21496,598
21529,589
21562,571
21595,601
21626,582
21659,589
21692,598
21725,588
21757,591
21789,596
21822,573
21855,602
21888,586
21920,583
21952,598
21985,581
22018,590
22050,597
22083,574
22116,597
22149,594
22180,573
22213,597
22246,584
22280,575
22312,603
22344,582
22377,583
22410,598
22443,575
22477,571
22510,592
22543,561
22576,578
22608,588
22641,571
22674,593
22706,601
22738,573
22771,596
22804,575
22837,570
22868,598
22901,570
22934,585
22967,592
23000,571
23032,589
23064,589
23097,574
23130,588
23162,578
23195,574
23228,597
23260,571
23293,580
23326,593
23359,561
23392,590
23424,585
23456,562
23489,591
23522,574
23555,571
23587,589
23619,564
23652,591
23685,584
23717,566
23750,590
23783,590
23815,569
23847,586
23880,574
23913,569
23946,577
23981,574
24013,568
24045,586
24078,575
24111,572
24142,585
24175,560
24208,571
24240,576
24273,554
24306,575
24339,571
24371,562
24403,579
24436,554
24468,582
24501,580
24534,555
24565,580
24598,564
24631,550
24664,578
24695,560
24728,546
24761,573
24794,551
24825,570
24858,569
24891,544
24923,579
24955,564
24988,569
25020,583
25053,560
25085,580
25117,575
25150,559
25183,583
25216,565
25247,562
25281,588
25314,566
25346,582
25378,591
25411,555
25443,581
25476,591
25519,589
25553,574
25588,570
25622,591
25657,593
25692,572
25726,575
25761,597
25795,599
25830,581
25865,591
25900,591
25933,590
25968,586
26003,593
26038,602
26073,585
26106,581
26141,599
26176,602
26211,581
26246,579
26279,594
26315,600
26350,576
26384,577
26419,596
26454,602
26488,568
26523,582
26557,598
26592,593
26627,577
26661,590
26696,592
26730,591
26765,570
26800,587
26834,596
26869,586
26903,580
26938,597
26973,602
27008,580
27042,578
27076,591
27114,597
27149,579
27184,569
27218,596
27253,599
27288,584
27323,566
27358,588
27393,597
27427,583
27462,571
27497,592
27532,592
27567,583
27601,569
27636,591
27671,595
27705,579
27740,572
27774,595
27809,589
27844,577
27879,570
27914,591
27949,582
27983,569
28018,572
28053,590
28088,587
28123,560
28157,573
28191,589
28226,591
28261,576
28296,581
28331,591
28365,586
28400,568
28436,580
28471,592
28506,590
28540,574
28575,584
28609,593
28644,585
28679,573
28713,566
28751,592
28786,613
28821,581
28855,580
28890,593
28924,588
28959,567
28994,570
29029,596
29064,584
29099,575
29133,569
29168,597
29203,583
29238,577
29273,576
29307,595
29341,586
29376,571
29411,583
29446,590
29480,582
29516,559
29551,576
29586,582
29621,586
29656,564
29689,584
29724,584
29759,584
29794,560
29829,584
29863,591
29898,575
29933,560
29968,585
30003,593
30038,570
30072,575
30107,590
30141,583
30176,576
30211,570
30245,591
30280,593
30315,576
30353,570
30387,583
30422,581
30456,588
30491,574
30526,590
30562,597
30597,590
30631,580
30665,602
30700,597
30735,587
30770,569
30804,593
30839,596
30874,585
30909,577
30944,600
30979,603
31013,572
31047,571
31082,596
31117,596
31152,575
31186,573
31221,594
31256,585
31291,574
31326,590
31361,599
31395,595
31429,585
31464,588
31499,594
31534,593
31568,568
31603,583
31639,594
31674,590
31709,578
31742,581
31777,594
31812,590
31847,575
31882,581
31917,602
31951,579
31988,578
32023,578
32058,598
32093,599
32128,566
32162,586
32197,603
32232,605
32267,584
32302,601
32335,605
32370,602
32405,588
32440,597
32475,621
32509,620
32544,606
32579,604
32614,599
32649,593
32683,567
32718,583
32753,581
32788,579
32823,567
32858,579
32892,572
32927,557
32962,558
32997,583
33031,574
33065,569
33100,556
33135,574
33170,573
33205,565
33240,563
33274,582
33309,583
33344,572
33379,572
33413,594
33447,591
33482,580
33517,583
33552,594
33587,588
33619,575
33654,584
33689,584
33724,564
33758,549
33802,555
33837,558
33871,573
33906,570
33941,560
33976,557
34011,573
34045,569
34080,536
34114,536
34149,546
34184,554
34219,539
34253,545
34288,568
34323,550
34358,546
34393,561
34427,571
34462,559
34497,558
34532,576
34567,576
34601,555
34636,545
34670,567
34705,568
34740,555
34775,540
34809,567
34844,560
34880,554
34915,541
34950,566
34984,576
35019,553
35054,544
35089,554
35123,563
35158,548
35192,531
35230,552
35265,550
35300,557
35335,542
35369,554
35525,559
35574,518
35609,518
35644,539
35679,543
35714,523
35748,545
35783,549
35818,545
35853,525
35888,552
35922,560
35957,551
35992,532
36027,548
36062,560
36097,562
36130,546
36165,564
36200,572
36235,552
36270,542
36304,565
36339,556
36374,529
36409,516
36444,541
36478,547
36513,529
36548,519
36583,529
36618,547
36654,533
36688,517
36723,539
36758,545
36793,534
36828,516
36861,536
36896,537
36931,528
36966,513
37004,528
37038,539
37072,532
37107,521
37142,534
37177,541
37211,535
37245,534
37280,550
37315,555
37350,536
37384,538
37419,555
37453,554
37488,542
37523,537
37557,561
37592,535
37626,536
37661,550
37696,560
37731,556
37766,524
37800,536
37835,562
37870,554
37904,535
37939,548
37974,561
38008,541
38043,539
38077,557
38112,557
38147,539
38181,539
38215,564
38250,570
38285,535
38320,538
38354,554
38388,550
38423,533
38458,542
38493,544
38528,546
38561,524
38599,531
38634,558
38669,557
38703,542
38737,549
38773,549
38808,551
38842,541
38877,538
38912,556
38946,551
38981,535
39015,553
39050,558
39085,556
39119,541
39154,556
39188,563
39223,551
39258,547
39292,561
39327,566
39361,548
39396,543
39431,558
39465,568
39500,547
39534,550
39569,568
39604,560
39639,548
39673,558
39707,575
39742,561
39777,547
39812,571
39846,583
39881,572
39916,555
39951,578
39986,586
40020,572
40054,550
40089,581
40124,583
40159,569
40194,553
40230,574
40265,577
40300,569
40335,555
40370,576
40404,580
40439,567
40473,559
40508,579
40543,579
40578,571
40612,558
40647,580
40682,576
40717,564
40752,556
40786,577
40821,577
40856,556
40891,554
40926,576
40962,587
40995,565
41030,558
41065,572
41100,586
41135,564
41169,559
41204,579
41239,584
41274,565
41309,565
41344,576
41378,578
41413,555
41448,557
41483,577
41517,573
41551,556
41586,557
41621,574
41656,559
41691,557
41725,563
41760,574
41795,557
41832,560
41867,544
41902,572
41936,574
41972,556
42007,544
42042,561
42077,567
42112,557
42146,539
42181,569
42216,566
42251,548
42286,542
42320,562
42354,558
42389,550
42424,545
42459,559
42493,560
42528,547
42563,554
42598,568
42633,564
42668,546
42702,548
42737,565
42772,562
42807,548
42841,549
42875,566
42910,561
42945,553
42980,565
43015,573
43051,561
43085,547
43120,560
43155,568
43190,563
43225,540
43259,565
43294,576
43328,562
43363,546
43398,570
43432,564
43470,567
43505,551
43540,557
43575,576
43610,577
43644,552
43678,559
43713,582
43748,570
43783,552
43817,568
43852,578
43887,572
43922,555
43957,569
43992,576
44026,574
44061,556
44095,560
44131,585
44166,572
44200,559
44235,574
44270,564
44305,548
44340,528
44375,544
44409,556
44444,547
44478,541
44513,558
44548,567
44582,555
44617,543
44652,560
44687,568
44722,547
44756,543
44791,568
44826,566
44861,552
44895,544
44930,575
44964,562
44999,551
45034,544
45072,558
45107,560
45142,544
45176,549
45211,557
45246,570
45281,570
45316,557
45350,573
45385,582
45420,568
45455,560
45490,566
45524,563
45558,551
45593,542
45628,564
45663,572
45698,558
45732,558
45767,567
45802,571
45837,551
45872,553
45906,572
45941,572
45976,558
46011,549
46045,568
46080,566
46114,560
46149,558
46184,573
46219,564
46255,549
46289,558
46324,578
46359,570
46394,555
46429,559
46462,571
46497,573
46532,560
46567,574
46602,586
46637,581
46671,560
46709,566
46744,577
46778,568
46813,564
46848,557
46882,562
46917,571
46952,553
46987,565
47022,574
47056,572
47091,561
47126,570
47161,586
47195,577
47229,566
47264,584
47299,594
47335,586
47370,556
47405,581
47439,593
47474,587
47509,560
47544,580
47579,591
47613,580
47647,566
47682,585
47717,602
47752,585
47787,573
47821,598
47856,598
47891,592
47926,574
47961,600
47995,601
48030,591
48065,578
48100,606
48134,602
48168,594
48203,580
48238,597
48273,601
48311,596
48346,585
48380,595
48415,599
48450,598
48485,580
48520,594
48555,602
48589,597
48624,575
48659,597
48694,595
48729,587
48763,571
48798,597
48833,597
48867,586
48902,574
48936,596
48971,598
49006,584
49041,576
49076,585
49111,591
49145,580
49180,573
49215,589
49250,596
49285,579
49319,572
49354,588
49388,595
49423,570
49459,570
49494,594
49528,592
49563,575
49598,579
49633,599
49668,591
49702,583
49737,583
49772,601
49807,600
49841,578
49875,584
49910,599
49948,595
49983,581
50017,576
50052,596
50086,596
50121,574
50156,585
50190,587
50225,596
50259,581
50294,585
50328,597
50363,587
50398,574
50433,589
50467,599
50501,586
50537,575
50572,577
50607,601
50641,586
50675,566
50710,596
50745,608
50780,583
50814,577
50848,599
