33,616
72,625
104,614
137,599
168,623
201,613
234,612
266,620
299,606
331,617
363,619
396,600
429,615
460,611
493,607
526,616
558,600
590,615
623,614
656,600
689,618
721,612
753,604
786,624
819,604
850,625
883,620
916,601
948,618
980,621
1013,602
1045,622
1078,602
1111,607
1142,618
1175,601
1208,617
1241,613
1272,598
1305,622
1338,613
1371,607
1402,621
1435,596
1468,617
1500,612
1532,598
1565,621
1597,617
1630,603
1664,622
1695,607
1728,621
1761,618
1794,601
1828,609
1861,617
1894,613
1927,616
1958,617
1991,601
2024,623
2057,613
2089,602
2189,607
2223,621
2254,607
2287,605
2320,615
2353,596
2385,601
2418,619
2451,595
2483,614
2515,605
2548,587
2581,613
2614,597
2647,591
2679,614
2711,591
2744,596
2777,608
2809,589
2842,609
2875,608
2908,583
2939,603
2972,593
3005,586
3038,598
3070,587
3103,590
3136,602
3168,579
3202,594
3234,593
3267,580
3300,599
3333,596
3365,582
3398,604
3430,594
3463,591
3495,599
3528,595
3563,577
3596,596
3629,591
3661,594
3694,599
3726,588
3759,600
3791,592
3824,578
3857,602
3890,593
3921,586
3954,602
3987,589
4020,590
4052,607
4084,581
4117,602
4150,597
4183,582
4216,603
4249,597
4281,583
4314,599
4346,592
4379,585
4412,604
4444,592
4476,598
4509,600
4542,581
4575,603
4608,600
4640,590
4672,608
4705,589
4738,584
4770,604
4803,588
4835,600
4868,597
4900,587
4933,603
4966,599
4999,585
5030,601
5063,589
5096,592
5129,600
5161,573
5194,587
5230,599
5263,588
5296,587
5327,598
5360,576
5393,590
5426,589
5458,576
5490,601
5523,594
5556,576
5588,595
5621,585
5654,586
5686,592
5719,580
5751,590
5784,597
5817,574
5849,595
5881,591
5914,579
5947,597
5980,586
6011,588
6044,599
6077,576
6110,602
6142,596
6174,579
6208,598
6241,596
6274,572
6306,591
6338,598
6371,592
6404,608
6436,578
6469,595
6502,597
6534,577
6566,594
6599,591
6632,578
6665,601
6696,592
6729,592
6762,603
6795,586
6828,596
6859,592
6892,581
6923,602
6956,582
6988,592
7020,597
7053,589
7086,597
7118,601
7151,582
7183,599
7217,595
7249,584
7282,601
7315,594
7347,592
7379,598
7412,580
7445,599
7478,607
7511,581
7542,601
7575,588
7608,577
7641,605
7673,592
7705,590
7738,607
7771,586
7803,600
7836,600
7868,580
7901,596
7933,592
7966,592
7999,602
8031,588
8064,583
8096,601
8129,584
8162,597
8194,599
8227,579
8260,605
8293,595
8326,589
8358,588
8390,587
8423,590
8456,604
8488,576
8521,601
8553,596
8589,585
8622,602
8654,600
8686,588
8719,602
8752,598
8784,586
8817,606
8850,588
8882,594
8914,604
8947,583
8980,605
9013,604
9046,580
9077,599
9110,598
9143,579
9176,594
9208,590
9241,590
9274,610
9307,590
9339,594
9372,603
9405,584
9437,603
9469,600
9502,579
9535,601
9568,593
9601,587
9632,602
9665,584
9698,589
9731,601
9763,577
9796,598
9828,596
9861,577
9893,600
9926,591
9959,586
9992,601
10024,585
10056,592
10089,604
10122,589
10155,600
10187,600
10223,587
10256,589
10289,601
10321,589
10354,599
10387,603
10420,578
10451,606
10484,594
10517,583
10550,603
10583,593
10615,599
10648,606
10680,586
10713,594
10745,605
10778,580
10811,601
10844,594
10876,583
10909,602
10941,594
10974,589
11006,602
11039,557
11072,588
11105,598
11138,581
11169,599
11202,596
11236,581
11269,600
11301,603
11334,587
11367,600
11400,589
11431,588
11464,602
11497,586
11530,600
11563,600
11595,581
11628,601
11660,595
11693,585
11725,602
11761,595
11793,581
11826,607
11858,594
11891,589
11923,600
11956,580
11988,601
12020,605
12053,581
12086,611
12119,597
12150,586
12183,606
12216,590
12249,586
12281,600
12314,585
12347,599
12379,601
12411,584
12444,603
12477,597
12509,585
12541,603
12574,584
12607,600
12639,602
12672,585
12704,603
12736,597
12769,584
12802,605
12834,589
12866,596
12899,610
12932,583
12964,601
12996,601
13029,584
13062,609
13094,603
13126,599
13159,611
13192,588
13223,601
13260,606
13292,594
13325,598
13358,605
13390,601
13422,604
13455,605
13488,585
13520,605
13552,592
13585,589
13618,604
13649,580
13682,598
13715,606
13748,585
13779,608
13812,598
13845,581
13878,607
13910,592
13942,592
13975,606
14007,591
14040,606
14072,607
14105,586
14137,617
14170,600
14202,600
14235,604
14268,581
14301,592
14333,592
14365,560
14398,573
14431,570
14464,541
14495,560
14528,542
14561,517
14594,528
14625,485
14658,492
14691,487
14723,458
14755,460
14791,460
14823,438
14856,454
14888,452
14921,434
14954,461
14987,440
15020,438
15051,450
15084,433
15117,446
15150,441
15182,423
15215,443
15248,440
15281,420
15313,432
15346,437
15379,421
15412,442
15444,430
15477,436
15510,445
15542,426
15575,433
15607,445
15640,426
15673,450
15706,459
15737,454
15770,455
15803,452
15836,450
15868,478
15901,463
15934,472
15966,476
15998,474
16031,491
16064,475
16097,479
16130,498
16162,493
16194,469
16227,482
16261,458
16293,478
16324,485
16357,464
16390,480
16421,462
16454,440
16487,471
16520,452
16552,460
16585,472
16618,461
16650,469
16683,478
16715,454
16748,476
16781,465
16814,457
16846,483
16878,462
16911,472
16944,489
16976,469
17009,469
17042,487
17075,472
17107,499
17139,477
17172,449
17205,482
17238,464
17271,472
17304,485
17337,480
17369,483
17401,502
17434,480
17467,497
17500,499
17532,481
17565,503
17597,497
17630,484
17662,508
17695,491
17728,497
17761,506
17794,495
17828,496
17861,512
17894,489
17927,502
17958,499
17991,483
18024,516
18057,505
18089,497
18122,518
18155,506
18187,500
18220,518
18252,497
18286,505
18319,523
18352,505
18384,515
18416,523
18449,502
18482,522
18514,526
18547,512
18580,532
18613,520
18646,514
18678,532
18711,513
18744,508
18874,525
18908,500
18939,515
18972,514
19005,510
19038,533
19070,510
19103,515
19136,521
19169,521
19201,542
19233,553
19266,527
19299,544
19332,536
19364,532
19397,542
19430,528
19465,522
19497,540
19530,529
19563,528
19596,549
19628,524
19660,532
19693,541
19726,514
19759,538
19791,534
19824,521
19857,542
19891,544
19923,525
19955,544
19988,538
20021,533
20054,548
20086,538
20119,544
20151,558
20184,539
20216,557
20249,557
20282,531
20315,566
20347,551
20379,545
20412,563
20445,547
20477,555
20510,562
20543,536
20575,550
20608,556
20640,539
20673,555
20706,547
20739,539
20771,556
20803,539
20836,547
20869,555
20902,536
20935,554
20970,557
21003,547
21036,542
21068,562
21101,541
21134,562
21166,552
21198,534
21231,568
21264,560
21297,548
21329,560
21362,549
21395,556
21427,562
21459,546
21492,560
21525,566
21558,546
21591,564
21623,567
21655,542
21688,569
21721,552
21753,555
21786,558
21819,543
21852,561
21884,562
21917,546
21950,556
21983,553
22016,547
22048,563
22081,553
22114,542
22146,573
22178,547
22211,559
22244,564
22277,551
22309,556
22342,561
22374,537
22407,562
22439,556
22472,551
22508,565
22540,564
22573,541
22605,567
22638,550
22671,548
22704,571
22736,545
22768,554
22801,558
22834,538
22866,559
22900,559
22933,536
22966,557
22999,561
23030,540
23063,560
23096,555
23129,541
23161,567
23194,548
23227,562
23260,565
23291,552
23324,571
23357,563
23390,539
23422,569
23455,567
23488,558
23520,572
23553,558
23585,567
23618,572
23651,552
23684,567
23716,561
23748,551
23781,562
23814,552
23846,558
23879,572
23913,558
23946,558
23977,573
24013,560
24046,552
24078,572
24111,556
24143,561
24175,572
24208,549
24241,568
24273,570
24305,548
24338,574
24371,559
24403,559
24435,571
24468,555
24501,571
24534,566
24565,555
24598,571
24631,554
24663,555
24695,572
24728,554
24761,566
24793,568
24825,556
24858,565
24891,567
24924,551
24956,570
24989,562
25022,560
25054,579
25086,561
25119,565
25151,565
25184,545
25217,567
25249,554
25281,547
25314,564
25347,541
25379,555
25411,568
25444,543
25477,558
25509,557
25552,569
25586,551
25621,545
25656,563
25691,561
25725,544
25760,552
25794,565
25829,562
25864,546
25900,553
25933,560
25968,557
26003,543
26038,557
26073,562
26107,562
26141,547
26176,558
26211,558
26246,555
26280,544
26315,565
26350,568
26384,556
26419,544
26454,575
26488,570
26523,557
26558,553
26593,559
26627,565
26661,553
26696,548
26731,566
26766,562
26800,550
26834,549
26869,566
26904,563
26939,545
26974,545
27009,565
27043,561
27078,549
27113,555
27150,561
27185,563
27219,541
27254,546
27289,568
27324,558
27359,555
27394,561
27428,574
27463,575
27498,551
27533,558
27568,576
27602,573
27637,554
27672,559
27707,582
27742,582
27777,551
27811,564
27846,578
27881,579
27915,558
27950,574
27984,581
28020,573
28055,559
28090,567
28125,570
28160,575
28194,552
28229,565
28264,573
28299,563
28334,550
28368,570
28403,573
28438,560
28473,564
28508,572
28542,582
28577,573
28612,553
28647,565
28682,578
28717,571
28751,554
28788,558
28823,576
28858,580
28893,561
28928,564
28962,586
28997,585
29032,561
29067,561
29103,584
29137,575
29172,565
29206,581
29242,588
29276,594
29310,572
29345,583
29380,583
29415,587
29450,569
29485,574
29519,586
29554,582
29589,565
29624,576
29659,580
29693,576
29728,572
29763,574
29798,587
29833,582
29868,569
29902,584
29937,590
29972,584
30007,560
30042,587
30076,592
30111,575
30145,557
30181,578
30216,594
30251,581
30285,568
30320,580
30355,585
30393,585
30428,569
30462,571
30496,585
30531,596
30566,578
30601,580
30636,592
30670,591
30705,572
30740,582
30775,597
30810,597
30844,573
30879,587
30914,595
30949,592
30984,573
31019,593
31053,600
31088,598
31122,576
31157,595
31192,606
31227,589
31262,574
31297,587
31332,595
31367,578
31401,568
31436,585
31471,592
31506,582
31541,574
31576,590
31610,597
31644,588
31679,570
31714,583
31749,596
31783,578
31818,569
31853,592
31888,594
31923,580
31958,575
31992,591
32029,598
32064,582
32099,573
32134,595
32168,594
32203,577
32238,565
32273,578
32309,586
32344,577
32378,563
32413,579
32448,586
32483,575
32517,565
32551,585
32586,593
32621,576
32656,565
32691,585
32726,591
32760,574
32795,567
32830,586
32865,589
32900,575
32934,569
32969,582
33004,583
33039,577
33074,565
33108,587
33143,593
33178,563
33212,575
33247,594
33282,591
33316,572
33351,569
33387,590
33422,594
33457,577
33491,570
33526,587
33561,588
33596,574
33631,579
33662,587
33697,587
33732,572
33767,589
33802,601
33837,584
33871,565
33906,592
33941,597
33976,579
34011,575
34045,594
34080,595
34115,592
34150,573
34185,598
34220,601
34254,579
34289,576
34324,590
34359,591
34394,581
34428,572
34463,590
34498,590
34533,577
34568,564
34603,584
34637,583
34672,572
34707,562
34742,586
34777,590
34811,565
34846,562
34881,588
34916,579
34951,570
34985,569
35020,583
35055,576
35090,566
35125,570
35160,581
35194,580
35229,563
35266,559
35301,578
35336,590
35371,570
35405,567
35440,588
35475,581
35511,568
35546,565
35580,580
35614,585
35650,568
35685,562
35720,587
35755,584
35789,570
35824,573
35859,581
35894,582
35929,574
35963,552
35998,581
36033,590
36186,578
36242,575
36277,590
36312,599
36346,584
36381,591
36416,600
36451,600
36486,582
36520,585
36555,607
36590,595
36625,581
36660,575
36695,613
36729,598
36764,579
36799,584
36833,600
36868,594
36903,579
36938,585
36973,595
37008,582
37045,578
37080,565
37114,587
37149,596
37184,578
37218,566
37253,591
37288,586
37323,581
37358,578
37393,594
37428,599
37462,581
37496,581
37531,591
37566,596
37601,581
37636,581
37669,593
37704,587
37739,573
37774,580
37809,592
37843,587
37877,564
37912,590
37947,599
37982,581
38017,576
38051,589
38085,580
38120,578
38155,572
38190,589
38224,597
38259,581
38294,579
38328,591
38364,589
38398,574
38433,580
38468,585
38503,594
38537,576
38572,578
38606,594
38644,600
38679,579
38713,565
38748,594
38782,590
38817,583
38852,583
38887,605
38921,598
38956,583
38990,582
39025,600
39060,589
39095,581
39130,580
39163,599
39198,595
39233,570
39268,591
39303,601
39337,588
39371,577
39406,593
39442,595
39477,583
39512,567
39546,591
39580,594
39615,585
39650,570
39685,593
39719,593
39754,581
39788,580
39823,591
39858,597
39892,566
39927,572
39962,588
39997,588
40031,572
40066,589
40100,592
40135,591
40170,568
40205,586
40239,590
40276,583
40311,567
40346,572
40381,585
40416,588
40451,570
40485,576
40521,591
40556,581
40591,575
40626,567
40660,592
40694,587
40729,575
40764,572
40799,591
40834,595
40868,576
40903,576
40938,586
40973,588
41008,567
41042,579
41077,587
41112,586
41147,574
41182,584
41217,589
41251,589
41286,573
41321,589
41356,592
41391,588
41425,575
41460,592
41495,594
41530,592
41565,571
41600,582
41635,601
41669,593
41704,580
41739,594
41774,595
41808,596
41843,578
41881,581
41916,599
41951,598
41986,577
42020,586
42055,595
42090,594
42125,585
42160,572
42194,602
42229,590
42264,573
42299,579
42334,586
42368,587
42403,568
42438,580
42473,587
42507,587
42542,571
42576,591
42611,593
42647,592
42682,566
42717,573
42752,598
42786,581
42821,578
42856,582
42891,591
42926,585
42960,580
42995,583
43030,596
43065,589
43100,571
43134,580
43169,596
43204,586
43239,573
43274,587
43309,588
43343,580
43378,567
43413,584
43448,591
43483,578
43520,576
43554,569
43589,591
43624,587
43659,570
43694,571
43729,589
43764,592
43799,572
43834,558
43869,583
43904,590
43938,559
43973,579
44008,588
44043,590
44078,571
44112,575
44147,586
44182,587
44217,574
44252,578
44286,593
44321,593
44355,572
44390,580
44425,594
44460,594
44494,584
44529,593
44564,608
44599,594
44634,575
44668,602
44703,604
44738,592
44773,573
44809,591
44844,590
44878,589
44913,570
44948,581
44983,591
45018,588
45052,574
45087,585
45124,593
45159,588
45194,581
45229,574
45263,590
45298,581
45333,570
45368,575
45403,594
45437,582
45472,565
45507,572
45542,591
45577,591
45612,567
45646,590
45680,592
45715,586
45750,569
45785,583
45819,590
45855,599
45890,568
45925,578
45960,587
45995,581
46029,571
46064,580
46099,589
46134,587
46169,563
46203,576
46238,592
46273,585
46308,575
46343,583
46377,593
46412,590
46447,574
46482,596
46517,602
46552,588
46585,574
46620,595
46655,594
46690,585
46725,577
46763,586
46797,606
46832,593
46867,579
46902,582
46938,603
46972,598
47007,589
47042,590
47077,611
47112,606
47147,586
47181,597
47216,602
47251,599
47285,585
47320,593
47354,606
47389,602
47424,581
47459,586
47494,602
47528,593
47563,575
47598,587
47633,608
47668,588
47703,572
47737,588
47772,602
47807,590
47842,576
47877,594
47911,597
47946,586
47981,572
48017,584
48052,593
48087,589
48121,574
48156,583
48191,594
48226,590
48261,579
48295,594
48330,596
48367,587
48402,572
48437,568
48472,594
48506,597
48541,577
48576,581
48611,594
48646,586
48680,574
48715,583
48750,597
48785,588
48820,577
48855,590
48889,586
48924,598
48959,571
48994,589
49029,599
49063,600
49099,575
49134,581
49169,593
49203,589
49238,573
49272,588
49307,593
49342,593
49377,577
49412,592
49446,599
49481,595
49516,579
49551,588
49586,597
49620,598
49655,578
49690,599
49725,612
49760,597
49795,580
49829,593
49864,600
49899,590
49934,579
49969,601
50006,613
50040,598
50075,589
50110,596
50145,605
50180,596
50214,586
50249,588
50284,598
50319,593
50354,576
50387,587
50422,597
50457,578
50492,569
50527,578
50562,586
50595,565
50630,557
50665,574
50700,576
50735,571
50769,563
50804,578
50838,576
50873,551
50908,563
