22,656
46,651
61,662
75,628
90,621
104,649
119,654
134,623
148,633
162,661
178,643
192,606
206,647
221,663
237,641
251,611
266,647
280,669
294,628
310,622
324,658
338,658
353,614
367,628
382,665
397,649
411,613
425,637
441,665
455,633
470,615
484,652
498,658
514,625
528,621
542,663
557,651
572,617
586,630
601,658
615,642
629,618
645,644
659,660
673,641
689,614
703,645
718,666
733,627
747,616
761,648
776,654
791,611
805,623
820,660
834,642
849,610
864,637
881,657
896,653
910,631
925,625
940,662
954,648
969,607
984,623
998,655
1013,645
1028,612
1043,641
1057,664
1072,636
1087,610
1101,645
1117,660
1132,636
1146,609
1162,641
1176,658
1190,638
1206,612
1220,646
1235,662
1250,626
1264,612
1280,650
1294,655
1309,619
1324,619
1338,661
1353,650
1368,623
1382,624
1397,660
1412,647
1427,613
1441,635
1456,659
1471,643
1485,611
1501,637
1515,658
1529,633
1545,619
1559,637
1573,650
1590,634
1604,608
1619,639
1634,650
1651,649
1667,614
1681,629
1695,657
1711,642
1725,603
1739,632
1755,662
1769,640
1784,613
1799,638
1813,667
1828,632
1843,610
1858,647
1872,659
1887,634
1902,605
1916,646
1931,656
1946,624
1960,615
1976,657
1990,647
2004,617
2020,618
2034,657
2051,650
2065,618
2079,612
2095,650
2109,643
2124,608
2139,624
2153,660
2168,644
2183,616
2197,629
2212,662
2227,636
2242,609
2256,639
2271,661
2286,629
2300,606
2316,643
2330,659
2344,622
2360,610
2374,648
2390,658
2406,639
2421,606
2436,634
2451,660
2465,634
2480,606
2496,635
2510,659
2525,639
2540,608
2554,634
2570,663
2584,625
2598,612
2614,643
2628,657
2642,620
2658,612
2672,638
2686,655
2702,614
2716,618
2732,654
2746,641
2760,610
2776,624
2790,655
2804,640
2820,604
2834,628
2848,651
2864,624
2878,603
2893,635
2908,660
2922,626
2937,613
2953,635
2967,649
2982,629
2997,607
3012,637
3026,652
3041,616
3056,610
3070,649
3085,651
3100,616
3115,612
3130,650
3144,646
3159,613
3172,632
3186,656
3201,620
3216,601
3230,643
3245,651
3260,622
3274,611
3290,646
3304,649
3318,604
3334,614
3348,646
3362,644
3378,607
3392,624
3407,646
3423,652
3437,607
3452,622
3467,650
3481,636
3496,606
3511,626
3525,654
3540,631
3555,608
3570,634
3585,652
3599,629
3614,607
3629,638
3643,655
3658,618
3673,607
3688,641
3702,649
3717,612
3732,608
3746,629
3761,644
3776,609
3790,619
3805,651
3820,643
3834,603
3850,624
3865,662
3879,638
3895,603
3909,622
3927,640
3941,643
3956,607
3971,607
3986,646
4000,643
4015,603
4030,612
4044,648
4060,637
4074,609
4088,620
4104,649
4118,631
4132,604
4148,627
4162,650
4177,628
4192,602
4206,628
4221,657
4236,616
4250,602
4265,640
4280,651
4295,614
4310,600
4325,638
4340,650
4355,615
4370,611
4384,638
4399,651
4414,605
4428,608
4443,645
4458,636
4472,612
4488,621
4502,648
4516,633
4532,605
4546,623
4561,645
4576,636
4590,600
4605,623
4620,655
4634,633
4649,607
4664,632
4681,654
4697,641
4711,604
4725,614
4741,648
4755,631
4770,604
4786,613
4800,642
4815,638
4830,602
4845,618
4859,653
4874,632
4889,600
4903,626
4918,650
4933,622
4947,598
4963,634
4977,652
4992,617
5007,606
5021,636
5036,646
5051,611
5065,612
5081,646
5095,649
5109,598
5125,615
5139,650
5154,638
5169,600
5183,620
5198,647
5213,637
5228,602
5243,618
5258,649
5273,635
5287,605
5303,615
5317,643
5332,632
5347,599
5361,622
5377,654
5391,629
5406,597
5421,627
5438,640
5575,649
5600,631
5614,649
5628,620
5644,605
5658,639
5672,647
5687,614
5702,616
5716,644
5731,640
5746,600
5761,620
5775,652
5789,627
5805,603
5819,624
5833,651
5848,623
5863,598
5877,635
5892,643
5907,614
5921,608
5936,641
5951,653
5965,610
5980,612
5994,648
6009,638
6024,604
6038,623
6053,652
6069,631
6083,600
6097,628
6113,652
6127,621
6141,602
6156,640
6170,646
6185,609
6200,606
6214,643
6230,640
6244,607
6258,616
6273,650
6288,631
6302,604
6320,604
6334,640
6348,637
6364,603
6378,618
6392,649
6407,635
6422,602
6436,628
6451,654
6465,628
6480,600
6495,640
6510,655
6524,622
6540,604
6554,638
6568,653
6583,606
6598,604
6612,647
6627,638
6642,604
6657,609
6671,649
6685,632
6701,602
6715,626
6729,645
6744,620
6759,599
6773,635
6788,651
6802,612
6817,599
6832,643
6846,637
6861,601
6876,610
6890,648
6904,633
6919,596
6934,624
6948,644
6964,631
6979,601
6993,626
7008,648
7022,614
7036,601
7052,638
7066,644
7078,600
7094,617
7108,652
7122,626
7138,591
7152,629
7168,655
7182,624
7196,598
7212,630
7226,643
7241,615
7256,598
7270,638
7285,640
7300,609
7314,602
7329,646
7344,637
7359,608
7373,609
7388,639
7403,635
7418,612
7434,617
7448,644
7462,638
7478,603
7492,612
7506,643
7522,630
7536,597
7552,620
7566,653
7580,627
7596,596
7610,626
7625,644
7640,611
7654,596
7669,640
7684,648
7698,617
7713,606
7728,636
7743,645
7757,613
7772,605
7787,647
7801,638
7817,609
7834,594
7848,634
7864,648
7879,622
7894,596
7908,629
7923,651
7938,614
7953,593
7967,636
7982,648
7997,611
8011,603
8026,640
8041,639
8055,610
8071,612
8085,636
8099,637
8115,598
8129,611
8144,647
8159,631
8173,597
8188,618
8203,649
8217,622
8232,599
8247,625
8262,646
8276,614
8291,597
8306,635
8322,646
8337,619
8351,596
8366,627
8381,644
8395,609
8410,591
8425,635
8439,643
8455,607
8469,601
8483,644
8499,642
8513,604
8528,604
8543,643
8557,634
8572,598
8590,594
8604,625
8620,644
8634,609
8648,603
8664,636
8678,647
8692,606
8708,610
8722,646
8736,642
8752,603
8766,610
8781,636
8797,638
8811,599
8826,607
8841,642
8855,631
8870,595
8885,614
8900,653
8914,622
8929,593
8944,625
8958,644
8973,620
8988,594
9003,625
9018,647
9032,613
9047,603
9062,636
9076,642
9091,605
9106,600
9120,633
9136,636
9150,602
9164,608
9180,644
9194,632
9208,593
9224,613
9239,639
9254,631
9269,598
9283,612
9298,644
9313,628
9327,597
9345,596
9360,633
9374,638
9389,589
9404,605
9418,642
9434,636
9448,597
9462,612
9478,652
9492,629
9506,598
9522,616
9536,648
9551,619
9566,589
9580,620
9595,649
9610,608
9624,597
9639,627
9654,644
9669,606
9684,591
9699,629
9714,645
9729,610
9743,595
9758,631
9773,637
9788,606
9802,599
9817,640
9832,640
9846,603
9861,606
9876,656
9890,624
9905,601
9920,614
9934,644
9950,622
9964,590
9978,622
9994,641
10008,616
10022,591
10038,629
10052,641
10067,607
10082,589
10099,608
10114,640
10129,625
10144,592
10160,612
10174,640
10189,622
10204,598
10218,613
10233,644
10248,626
10263,592
10277,618
10293,643
10307,617
10321,586
10337,621
10351,646
10366,608
10381,596
10395,629
10411,645
10425,610
10440,596
10455,631
10470,640
10484,605
10499,597
10514,641
10528,633
10544,603
10558,600
10572,635
10588,636
10603,606
10618,601
10633,630
10648,633
10662,605
10677,603
10692,637
10706,633
10722,598
10736,612
10752,648
10766,620
10783,606
10798,593
10813,631
10827,640
10843,612
10857,594
10871,638
10887,639
10901,595
10916,600
10931,636
10946,631
10960,598
10975,610
10990,641
11004,623
11020,593
11034,616
11049,635
11065,627
11079,602
11095,607
11109,643
11124,618
11139,593
11153,617
11168,642
11183,624
11198,591
11212,621
11228,641
11242,614
11256,587
11272,625
11286,655
11301,608
11316,596
11331,628
11345,639
11360,603
11375,596
11389,629
11405,636
11419,597
11433,605
11449,632
11463,633
11481,608
11496,588
11511,619
11526,643
11540,613
11555,592
11570,628
11584,648
11599,605
11614,606
11628,638
11642,638
11658,602
11672,605
11686,643
11702,629
11716,592
11730,616
11745,639
11760,617
11774,593
11789,625
11804,647
11819,609
11833,600
11847,630
11863,637
11877,600
11891,603
11907,632
11921,621
11935,593
11950,608
11966,636
11980,627
11995,591
12010,615
12024,642
12039,618
12053,593
12068,624
12083,644
12097,609
12112,598
12127,631
12141,641
12167,631
12183,643
12199,632
12217,609
12233,593
12250,600
12267,627
12283,645
12301,637
12317,615
12334,594
12351,599
12367,608
12385,640
12401,646
12418,626
12436,606
12452,592
12469,604
12486,625
12503,642
12520,639
12536,621
12553,606
12570,593
12587,610
12603,636
12620,644
12637,627
12654,605
12670,589
12687,610
12704,631
12721,646
12738,632
12754,608
12771,590
12788,601
12805,622
12822,638
12838,646
12855,623
12872,597
12889,587
12905,612
12922,632
12939,640
12959,649
12977,638
12993,614
13010,598
13027,601
13044,612
13062,635
13078,643
13095,628
13112,611
13129,595
13146,596
13163,619
13180,640
13201,628
13355,632
13372,617
13388,605
13406,594
13422,614
13440,638
13456,639
13473,628
13491,602
13507,597
13524,596
13541,615
13558,643
13575,643
13592,623
13609,602
13626,586
13643,596
13660,628
13677,640
13693,641
13711,620
13727,602
13745,595
13762,603
13778,631
13796,640
13812,634
13830,612
13846,596
13863,594
13881,604
13896,644
13913,639
13930,620
13946,594
13964,591
13980,604
13998,628
14015,641
14031,630
14049,614
14065,591
14083,595
14099,612
14116,628
14133,638
14150,623
14167,606
14184,592
14200,594
14218,616
14234,635
14252,641
14268,624
14285,596
14302,587
14319,606
14336,630
14353,635
14370,629
14387,611
14404,605
14422,587
14439,599
14455,628
14473,638
14489,631
14507,614
14523,593
14540,589
14557,609
14574,629
14590,637
14608,631
14625,607
14642,584
14659,597
14679,592
14695,621
14712,643
14729,637
14746,620
14763,602
14780,595
14796,605
14814,626
14830,636
14848,634
14864,610
14881,597
14898,587
14915,617
14932,629
14950,637
14966,631
14984,609
15000,595
15017,594
15034,611
15051,620
15069,639
15085,625
15102,599
15119,592
15136,594
15153,621
15170,639
15186,632
15204,617
15220,595
15238,590
15254,608
15271,627
15288,638
15305,633
15322,612
15339,600
15355,592
15373,610
15389,636
15407,637
15424,625
15440,609
15458,593
15478,588
15495,592
15512,609
15529,636
15546,643
15563,625
15580,603
15597,589
15613,596
15631,614
15647,629
15665,636
15681,617
15698,598
15715,583
15732,601
15749,625
15766,635
15782,630
15800,613
15816,599
15834,587
15850,612
15867,627
15884,640
15901,631
15918,609
15935,585
15951,592
15970,610
15986,637
16004,640
16020,625
16037,598
16054,582
16071,592
16088,619
16105,640
16121,637
16139,620
16155,600
16173,589
16190,604
16206,624
16223,636
16240,633
16260,628
16277,604
16293,588
16311,599
16327,601
16345,632
16361,636
16378,622
16396,598
16412,584
16430,602
16446,620
16463,632
16480,634
16498,626
16515,600
16532,593
16548,599
16566,621
16582,636
16600,640
16616,621
16633,594
16651,586
16667,604
16685,617
16701,635
16718,632
16735,612
16752,589
16769,585
16786,606
16802,630
16820,645
16836,626
16854,603
16871,582
16887,578
16905,615
16921,628
16939,635
16955,619
16972,601
16989,581
17006,596
17024,611
17041,629
17060,627
17078,639
17094,623
17112,601
17128,585
17145,597
17162,622
17179,634
17196,630
17213,614
17229,594
17247,589
17264,605
17281,632
17298,642
17314,631
17332,610
17348,592
17366,594
17382,614
17399,642
17416,646
17433,631
17449,608
17467,595
17483,605
17501,637
17518,644
17536,657
17553,641
17569,615
17587,600
17603,608
17620,626
17637,645
17654,641
17671,630
17688,594
17704,591
17722,618
17738,633
17756,647
17773,638
17789,622
17807,613
17823,597
17843,599
17860,622
17876,648
17893,651
17910,626
17927,604
17943,597
17960,609
17977,633
17994,649
18011,640
18027,613
18044,594
18062,593
18079,620
18096,635
18112,647
18129,630
18146,604
18163,592
18180,612
18196,633
18213,642
18230,634
18246,612
18264,593
18280,601
18297,620
18314,640
18331,644
18348,625
18364,605
18381,594
18398,618
18415,633
18432,640
18448,630
18465,610
18482,594
18499,601
18515,628
18532,644
18549,643
18566,622
18583,604
18600,593
18617,607
18636,608
18654,636
18670,644
18688,633
18704,606
18720,590
18738,596
18754,629
18771,644
18788,635
18804,620
18822,593
18838,593
18855,615
18872,630
18888,641
18906,628
18922,605
18939,593
18956,601
18972,631
18990,644
19006,638
19022,610
19040,579
19056,597
19074,618
19090,636
19107,642
19125,631
19141,603
19159,584
19175,600
19191,627
19209,640
19225,642
19241,617
19259,592
19275,591
19293,614
19309,630
19325,638
19343,622
19359,600
19377,585
19393,600
19412,607
19430,630
19446,640
19464,622
19480,606
19497,588
19514,589
19531,607
19548,632
19565,627
19581,617
19599,591
19616,573
19634,577
19650,604
19667,624
19684,622
19701,608
19718,579
19735,573
19751,578
19769,594
19786,612
19803,611
19820,590
19836,577
19854,573
19870,592
19888,616
19904,634
19921,619
19938,601
19955,582
19972,582
19989,610
20005,621
20023,636
20039,622
20057,598
20073,584
20090,598
20107,616
20124,633
20142,633
20159,614
20176,593
20193,587
20212,579
20230,585
20246,619
20263,637
20280,634
20297,612
20314,592
20331,585
20347,605
20365,623
20381,632
20399,622
20416,606
20432,588
20450,589
20466,611
20484,634
20500,640
20517,614
20534,603
20551,590
20568,604
20585,624
20601,639
20619,640
20635,618
20653,597
20670,589
20687,596
20704,628
20721,641
20739,639
20755,621
20772,597
20789,591
20806,606
20823,632
20840,643
20856,637
20874,610
20890,593
20908,602
20924,611
20941,636
20958,643
20975,630
20995,626
21012,603
21028,586
21046,595
21062,625
21080,640
21096,638
21113,612
21130,591
21147,587
21164,616
21182,629
21198,633
21216,637
21232,615
21250,595
21266,587
21283,602
21300,626
21317,638
21334,626
21351,603
21367,582
21385,592
21401,615
21419,629
21435,637
21452,615
21469,594
21486,582
21504,595
21520,618
21537,632
21554,632
21571,616
21587,590
21605,583
21621,610
21639,622
21655,629
21672,630
21689,600
21707,592
21724,584
21741,596
21757,623
21775,627
21794,626
21812,613
21828,591
21846,571
21862,583
21879,605
21896,618
21913,630
21931,616
21951,616
22024,566
22041,580
22057,591
22075,604
22091,610
22109,586
22125,564
22142,547
22159,561
22176,584
22194,591
22210,586
22227,562
22244,541
22261,535
22278,562
22295,581
22311,596
22329,583
22345,573
22363,568
22380,575
22396,605
22414,627
22430,639
22448,622
22464,597
22481,580
22498,601
22515,622
22532,637
22550,638
22566,624
22584,601
22600,586
22618,601
22634,610
22649,637
22666,624
22683,597
22700,592
22717,595
22734,620
22751,634
22768,634
22785,616
22802,602
22818,583
22836,600
22852,627
22870,638
22886,631
22903,608
22920,584
22937,590
22953,609
22971,632
22988,634
23005,619
23022,594
23038,582
23056,591
23073,606
23091,624
23107,636
23124,615
23141,596
23158,577
23175,587
23192,612
23209,627
23226,631
23243,607
23260,587
23277,576
23293,594
23311,610
23327,622
23345,609
23361,581
23378,564
23395,554
23412,571
23432,569
23448,590
23465,593
23483,572
23499,548
23517,538
23533,546
23550,567
23567,586
23585,596
23602,587
23619,572
23635,573
23653,579
23669,603
23687,633
23703,636
23720,619
23737,587
23754,583
23772,599
23788,624
23805,634
23822,631
23839,612
23856,595
23873,592
23889,611
23907,637
23923,631
23941,630
23957,602
23974,589
23991,591
24008,610
24025,631
24042,634
24059,618
24076,594
24093,583
24111,587
24128,611
24144,630
24162,633
24178,617
24196,591
24212,579
24231,583
24249,599
24265,626
24282,631
24299,626
24315,599
24333,590
24349,590
24366,619
24383,631
24399,627
24417,604
24433,567
24450,577
24467,589
24483,613
24501,603
24517,587
24534,556
24551,540
24567,557
24585,581
24601,589
24617,585
24636,561
24652,541
24669,533
24686,550
24702,575
24720,589
24736,573
24753,547
24770,531
24786,551
24804,584
24820,603
24837,604
24854,582
24870,571
24888,579
24904,604
24921,631
24938,641
24954,622
24972,596
24988,583
25015,624
25032,602
25049,594
25066,596
25082,618
25100,637
25116,635
25134,617
25151,603
25167,587
25184,601
25201,636
25218,635
25235,630
25251,607
25268,590
25285,597
25302,618
25319,634
25335,640
25353,618
25369,604
25385,589
25403,603
25419,627
25437,641
25453,630
25469,601
25487,589
25503,594
25521,617
25537,639
25553,630
25571,610
25587,587
25605,584
25621,607
25638,631
25656,635
25672,620
25690,598
25706,579
25722,577
25740,607
25756,623
25774,617
25790,598
25809,589
25827,557
25843,550
25861,564
25877,581
25894,594
25911,585
25928,559
25946,533
25962,539
25979,550
25996,574
26013,569
26030,572
26047,548
26063,542
26081,544
26097,574
26115,599
26132,604
26148,600
26166,566
26183,573
26200,583
26217,612
26234,637
26251,642
26268,633
26285,594
26302,596
26318,608
26336,632
26352,640
26370,641
26386,620
26403,600
26421,599
26437,622
26455,637
26471,648
26488,640
26505,619
26522,602
26539,598
26556,626
26572,640
26593,638
26609,648
26627,632
26643,613
26660,600
26677,611
26695,624
26712,646
26729,648
26745,634
26763,604
26779,599
26797,606
26813,635
26830,651
26848,646
26864,625
26882,611
26898,601
26915,613
26932,635
26949,648
26966,636
26983,617
27000,605
27017,606
27034,628
27051,644
27068,651
27084,630
27102,613
27118,599
27136,606
27152,622
27169,640
27186,650
27203,628
27220,614
27238,584
27254,607
27272,628
27289,649
27305,646
27323,625
27339,605
27357,594
27373,605
27393,610
27410,637
27426,641
27444,636
27460,614
27478,594
27495,600
27511,620
27529,635
27545,642
27563,631
27579,606
27596,593
27613,602
27630,626
27646,639
27664,639
27680,624
27698,602
27714,595
27731,611
27749,625
27766,639
27783,642
27800,616
27816,603
27834,593
27850,612
27868,626
27884,642
27901,637
27918,613
27935,598
27952,596
27969,620
27985,640
28003,635
28020,630
28037,606
28054,594
28070,598
28088,621
28104,640
28122,643
28138,621
28155,604
28175,609
28191,597
28209,610
28225,633
28242,638
28260,633
28277,615
28294,594
28311,591
28327,609
28345,632
28361,652
28379,635
28395,607
28412,595
28429,596
28446,627
28463,637
28480,644
28496,626
28514,603
28531,590
28548,602
28565,626
28581,645
28599,635
28615,627
28633,599
28649,590
28666,614
28683,634
28700,643
28717,633
28734,610
28750,598
28768,599
28785,611
28803,629
28819,643
28836,631
28853,611
28870,595
28887,594
28904,624
28920,635
28938,644
28954,622
28975,621
28991,598
29008,593
29025,606
29042,632
29059,645
29076,633
29092,614
29110,592
29126,597
29144,612
29160,634
29177,643
29194,630
29211,612
29229,592
29245,604
29262,621
29279,640
29296,648
29314,633
29330,604
29347,602
29365,603
29381,626
29399,638
29415,642
29432,625
29449,597
29466,589
29483,611
29500,630
29516,641
29534,641
29551,617
29568,597
29585,597
29601,611
29619,634
29635,641
29652,634
29669,608
29686,599
29703,600
29720,624
29736,641
29757,642
29773,643
29791,632
29807,611
29825,588
29842,597
29859,623
29876,633
29893,638
29910,627
29927,602
29943,594
29961,603
29977,627
29995,637
30011,643
30028,618
30045,597
30062,599
30080,618
30096,635
30113,641
30130,634
30147,609
30163,597
30181,591
30197,623
30215,636
30232,641
30248,629
30266,605
30282,591
30300,605
30316,630
30333,641
30351,643
30368,625
30385,607
30402,589
30418,601
30436,620
30453,635
30470,640
30487,623
30503,607
30521,590
30537,606
30557,608
30574,629
30590,639
30612,633
30718,588
30736,616
30752,642
30769,640
30786,628
30802,606
30820,593
30836,601
30854,620
30870,636
30887,640
30904,618
30921,579
30938,592
30954,608
30971,628
30988,645
31005,627
31022,606
31039,588
31055,602
31073,628
31089,644
31107,637
31123,617
31139,601
31157,594
31173,612
31191,638
31207,639
31224,628
31242,610
31258,596
31276,599
31292,621
31309,639
31326,640
31342,624
31360,609
31376,590
31393,607
31410,630
31427,648
31441,617
31458,593
31475,596
31492,613
31509,630
31525,648
31542,630
31559,605
31576,595
31593,597
31609,628
31627,629
31643,644
31660,615
31677,604
31693,595
31711,613
31727,636
31745,641
31762,636
31778,614
31796,595
31812,596
31830,624
31846,631
31862,645
31880,620
31896,598
31913,589
31930,609
31947,632
31964,636
31980,635
31997,603
32014,586
32031,594
32048,631
32064,642
32081,640
32098,616
32115,607
32132,591
32148,616
32165,629
32182,641
32199,627
32219,621
32235,601
32252,590
32270,602
32287,620
32304,640
32321,635
32337,624
32355,599
32372,593
32389,606
32406,629
32422,642
32440,632
32456,618
32474,598
32490,591
32507,611
32524,632
32541,638
32559,630
32575,610
32592,604
32609,597
32626,615
