846
669
0
1003
1023
50
228
1023
1010
0
962
1023
265
0
1009
1023
11
455
1023
860
0
973
1023
214
0
1023
1023
0
773
1021
902
0
982
1023
144
0
1019
1023
0
829
1023
494
0
1009
1023
106
9
1022
1023
0
920
1023
426
0
1005
1023
10
480
1021
854
0
899
1023
395
0
1021
1023
0
506
1023
848
0
988
1023
124
0
1023
1023
0
652
1023
662
0
998
1023
55
220
1019
1023
137
0
1012
1023
24
326
1023
1023
0
925
1023
439
0
1008
1023
47
0
880
1023
612
0
994
1023
286
0
1015
1023
47
61
1020
1023
0
275
1019
1023
0
774
1022
778
0
963
1023
352
0
1003
1021
71
0
1012
1023
31
163
1022
1023
0
694
1023
829
0
937
1023
458
0
971
1023
314
0
1003
1023
86
0
1010
1023
0
498
1023
1023
0
858
1023
966
0
889
1023
640
21
182
1012
1019
942
0
918
1023
659
0
930
1023
544
0
985
1023
360
0
999
1023
97
0
1018
1023
10
4
1017
1023
0
609
1013
1002
0
890
1023
566
0
1022
1023
0
217
1008
1023
0
698
1018
843
0
940
1023
495
0
997
1023
149
0
1002
1023
89
0
1020
1023
0
447
1023
1023
0
861
1023
622
0
917
1023
535
0
997
1023
181
0
1020
1023
22
262
1019
1023
303
0
992
1023
176
0
1008
1023
15
322
1021
1023
0
798
1023
720
0
870
1023
706
0
969
1023
326
0
1009
1023
102
0
1004
1023
7
22
1023
1023
0
502
1023
1023
0
878
1023
653
0
984
1023
311
0
1003
1023
247
0
1010
1023
43
94
1020
1023
420
0
1001
1023
136
0
1006
1023
84
0
1020
1023
0
533
1014
1011
0
891
1021
44
120
1007
1023
17
250
1023
1023
0
748
1023
806
0
955
1023
406
0
986
1023
277
0
1012
1023
64
12
1023
1023
0
599
1023
987
0
917
1023
855
0
949
1023
441
0
1001
1023
127
0
1015
1023
24
304
1020
1023
0
509
1023
1023
0
880
1023
602
0
992
1023
256
0
1014
1023
182
0
1013
1023
21
214
1023
1023
312
0
1011
1023
100
0
1009
1023
60
9
1009
617
0
984
1023
279
0
1007
1023
130
0
1006
1023
1023
28
187
1015
1023
0
484
1023
1023
0
833
1023
837
0
804
1023
743
0
960
1023
412
0
999
1023
134
0
1016
1023
21
0
1014
1023
7
412
1016
1023
0
781
1023
765
0
962
1023
430
0
972
1023
357
0
634
1023
974
0
893
1023
611
0
994
1023
306
0
994
1023
267
0
1012
1023
68
0
1016
1023
0
540
1023
1023
0
645
1023
980
0
930
1023
553
0
988
1023
198
0
1020
1023
23
0
1022
1023
689
0
998
1023
341
0
1020
1023
93
0
1023
1023
54
0
1023
1023
0
406
1023
991
0
654
1023
729
0
929
1023
429
66
210
1023
1019
0
696
1023
638
0
957
1023
276
0
1023
1023
133
35
1023
1023
0
585
1023
691
0
924
1023
376
0
1023
1023
75
0
1023
1023
27
399
1023
837
0
880
1023
467
0
1013
1023
138
0
1023
1023
39
332
1023
888
0
849
1023
475
0
1023
1023
149
21
1023
1023
62
195
1011
1023
2
757
1005
589
0
332
993
963
213
0
979
1003
82
197
1007
1013
0
809
1023
532
0
1013
1023
154
0
1023
1023
50
326
1023
915
0
818
1023
483
0
1006
1023
178
0
1023
1023
61
281
1023
962
0
771
1023
531
0
988
1023
254
0
1018
1023
120
112
1023
1023
2
535
1023
818
515
0
986
1023
241
0
1015
1023
165
6
1023
1023
39
0
974
1023
308
0
1022
1023
158
0
1019
1023
131
44
1023
1023
37
283
1023
974
0
642
1023
739
0
630
1023
740
0
895
1023
469
0
978
1023
955
0
761
1023
534
0
910
1023
391
0
1022
1023
85
151
1023
1006
0
666
1023
609
0
874
1023
429
0
1019
1023
106
135
1023
1011
0
655
1023
632
0
864
1023
465
23
481
1023
788
0
875
1023
447
0
1019
1023
130
0
1023
1023
69
253
1023
947
0
758
1023
568
0
987
1023
213
0
1023
1023
105
145
1023
998
0
696
1023
606
0
966
1023
267
0
1016
1023
144
35
1023
1023
0
586
1023
690
0
942
1023
319
0
1023
1023
171
25
1023
1023
1
0
1021
1023
93
181
1023
998
0
679
1023
268
0
1023
1023
42
359
1023
880
0
844
1023
484
0
1004
1023
298
0
1023
1023
64
257
1023
932
0
786
1023
529
0
1002
1023
341
0
1021
1023
58
301
1023
908
0
823
1023
477
0
1009
1023
148
0
1023
1023
40
363
1023
867
0
862
1023
438
0
1017
1023
125
0
1023
1023
32
404
1023
831
0
890
1023
417
10
507
1023
747
0
759
1023
546
0
993
1023
217
0
1023
1023
11
431
1023
877
0
539
850
1023
69
179
1023
1023
19
414
1023
898
0
689
1023
749
0
656
1023
694
0
912
1023
440
0
1003
1023
212
0
1023
1023
70
0
1023
1023
40
326
1023
988
0
632
1023
708
0
905
1023
460
0
933
1023
394
0
1012
1023
844
0
780
1023
588
0
948
1023
