480
531
565
599
633
668
702
737
771
805
839
873
908
943
977
1011
1046
1080
1115
1148
1183
1218
1252
1287
1320
1355
1389
1424
1458
1494
1527
1562
1596
1631
1665
1699
1733
1768
1802
1837
1870
1905
1939
1974
2009
2043
2077
2112
2146
2181
2214
2249
2284
2318
2353
2386
2421
2455
2490
2524
2558
2593
2628
2662
2697
2731
2765
2799
2834
2868
2903
2936
2971
3005
3040
3075
3109
3143
3178
3212
3247
3280
3315
3349
3384
3418
3452
3486
3523
3558
3593
3628
3662
3696
3731
3766
3800
3834
3868
3903
3938
3972
4006
4041
4075
4113
4148
4183
4217
4251
4286
4321
4356
4390
4424
4459
4494
4529
4563
4597
4632
4668
4702
4737
4771
4806
4840
4875
4910
4944
4979
5013
5048
5083
5117
5151
5186
5222
5256
5291
5325
5360
5395
5429
5464
5498
5533
5567
5602
5637
5671
5706
5741
5776
5811
5844
5879
5914
5949
5984
6018
6052
6087
6122
6157
6192
6225
6260
6296
6330
6365
6400
6434
6469
6506
6541
6576
6615
6649
6683
6718
6753
6788
6823
6857
6892
6927
6962
6996
7031
7066
7101
7135
7170
7204
7239
7274
7308
7343
7378
7412
7447
7482
7517
7552
7585
7620
7655
7690
7725
7758
7791
7826
7861
7896
7930
7965
8000
8035
8069
8103
8138
8173
8208
8242
8276
8311
8346
8380
8415
8451
8485
8519
8554
8589
8624
8657
8692
8727
8762
8797
8830
8865
8900
8935
8970
9005
9039
9074
9108
9143
9178
9212
9247
9281
9316
9351
9385
9419
9457
9492
9527
9562
9596
9630
9665
9700
9735
9768
9803
9838
9873
9908
9942
9976
10011
10046
10081
10116
10150
10185
10220
10254
10289
10323
10358
10393
10427
10462
10497
10531
10566
10601
10636
10671
10705
10739
10774
10809
10844
10878
10912
10947
10982
11017
11052
11085
11121
11156
11191
11226
11259
11294
11329
11364
11398
11436
11470
11505
11539
11574
11609
11643
11678
11713
11748
11783
11816
11851
11886
11921
11955
11990
12024
12059
12091
12126
12161
12196
12230
12265
12300
12335
12369
12403
12438
12473
12508
12541
12576
12611
12646
12681
12716
12750
12785
12819
12854
12889
12923
12958
12992
13027
13062
13096
13130
13165
13200
13235
13270
13304
13339
13374
13408
13443
13477
13512
13547
13581
13616
13650
13685
13720
13754
13790
13825
13858
13893
13928
13963
13998
14031
14066
14101
14136
14170
14204
14239
14274
14309
14344
14379
14413
14447
14482
14517
14552
14586
14623
14658
14693
14727
14761
14796
14831
14867
14901
14936
14970
15005
15037
15072
15107
15141
15176
15210
15245
15280
15314
15349
15385
15420
15459
15494
15527
15562
15597
15632
15667
15702
15736
15771
15805
15840
15875
15909
15945
15980
16014
16049
16083
16118
16153
16187
16222
16257
16291
16326
16360
16395
16430
16465
16499
16534
16569
16604
16638
16672
16707
16742
16777
16812
16845
16880
16915
16950
16985
17019
17054
17089
17124
17161
17196
17230
17265
17299
17334
17369
17403
17438
17473
17507
17543
17577
17612
17646
17681
17716
17751
17785
17819
17854
17889
17924
17958
17992
18027
18062
18098
18131
18166
18201
18236
18270
18305
18339
18374
18409
18443
18478
18512
18547
18582
18617
18652
18690
18723
18758
18793
18828
18863
18897
18931
18966
19001
19036
19070
19104
19140
19175
19210
19245
19279
19313
19348
19383
19418
19452
19487
19521
19556
19591
19625
19660
19698
19733
19767
19802
19836
19870
19905
19940
19975
20008
20043
20078
20112
20147
20182
20216
20251
20286
20320
20355
20389
20423
20458
20493
20528
20561
20596
20631
20665
20700
20734
20769
20804
20839
20873
20908
20942
20976
21011
21046
21081
21114
21149
21184
21218
21253
21287
21322
21357
21391
21426
21460
21494
21529
21564
21598
21633
21667
21701
21736
21771
21806
21840
21875
21909
21944
21979
22012
22047
22082
22116
22151
22185
22222
22257
22291
22329
22364
22398
22432
22467
22502
22536
22571
22605
22639
22674
22709
22743
22777
22812
22847
22882
22917
22950
22985
23020
23054
23089
23123
23157
23192
23227
23261
23296
23330
23365
23399
23435
23469
23503
23538
23572
23607
23642
23675
23710
23745
23779
23814
23848
23883
23917
23953
23988
24022
24056
24091
24126
24160
24195
24229
24264
24302
24337
24372
24407
24440
24475
24511
24545
24580
24614
24649
24684
24719
24756
24791
24825
24859
24894
24929
24964
24998
25033
25068
25103
25138
25172
25206
25241
25276
25311
25346
25380
25415
25449
25484
25519
25553
25589
25623
25658
25693
25728
25762
25796
25831
25866
25901
25937
25972
26007
26041
26076
26112
26145
26180
26215
26249
26284
26318
26352
26387
26422
26457
26490
26525
26560
26594
26630
26663
26698
26733
26767
26802
26836
26870
26905
26940
26974
27009
27043
27077
27112
27147
27182
27216
27251
27288
27323
27357
27392
27426
27461
27495
27530
27565
27598
27633
27668
27703
27738
27772
27806
27841
27876
27910
27944
27979
28014
28048
28083
28118
28151
28186
28221
28256
28291
28324
28359
28394
28429
28463
28497
28531
28566
28601
28636
28669
28704
28739
28774
28809
28844
28877
28912
28947
28981
29016
29050
29084
29119
29154
29188
29222
29257
29291
29327
29361
29395
29430
29465
29499
29536
29571
29605
29639
29674
29709
29744
29777
29812
29845
29880
29914
29948
29983
30018
30052
30087
30121
30155
30190
30225
30259
30294
30328
30362
30398
30433
30467
30501
30536
30570
30605
30640
30673
30708
30743
30777
30812
30846
30880
30916
30950
30985
31020
31053
31088
31123
31157
31192
31226
31260
31295
31330
31364
31398
31433
31468
31503
31537
31571
31606
31640
31675
31710
31744
31778
31813
31847
31882
31916
31950
31986
32020
32055
32090
32123
32158
32193
32227
32262
32295
32330
32368
32402
32437
32472
32506
32541
32575
32610
32645
32678
32713
32748
32782
32817
32851
32885
32920
32955
32990
33025
33059
33098
33133
33165
33200
33234
33269
33304
33339
33374
33408
33442
33477
33512
33547
33583
33616
33651
33686
33721
33756
33789
33824
33859
33894
33929
33963
33997
34032
34067
34102
34137
34171
34206
34240
34275
34310
34344
34379
34414
34448
34483
34518
34552
34586
34621
34657
34692
34725
34760
34795
34830
34865
34902
34936
34971
35005
35040
35075
35109
35144
