41,641
65,639
80,652
95,661
109,653
124,640
139,653
153,661
168,649
183,643
197,656
212,664
227,649
242,640
257,660
271,663
286,648
301,641
315,659
330,660
345,647
359,641
374,664
389,658
403,642
418,654
433,662
447,652
462,640
477,657
491,664
507,653
522,640
536,656
551,661
566,653
580,643
595,658
610,663
624,648
640,638
654,663
668,660
684,643
698,646
712,659
728,658
742,645
756,653
772,667
786,653
800,640
816,656
830,663
844,650
860,643
874,662
888,664
906,657
921,644
935,655
951,664
966,660
982,644
996,650
1011,670
1026,660
1041,643
1055,653
1071,663
1085,656
1100,635
1115,654
1130,660
1144,658
1160,641
1174,656
1189,666
1204,656
1219,643
1233,657
1249,667
1263,652
1278,644
1293,655
1308,659
1323,654
1338,641
1352,657
1368,662
1382,649
1397,640
1412,653
1428,661
1442,655
1458,645
1472,653
1487,667
1502,655
1517,640
1531,654
1547,664
1561,654
1576,646
1591,664
1606,671
1620,661
1636,645
1650,669
1666,674
1683,670
1698,650
1713,659
1728,675
1742,667
1758,653
1772,667
1787,678
1802,669
1817,650
1831,663
1847,672
1861,665
1876,655
1892,661
1906,672
1922,670
1937,657
1951,661
1967,674
1981,666
1996,653
2011,659
2026,672
2040,667
2055,653
2070,664
2084,674
2100,666
2114,652
2129,663
2144,671
2159,663
2174,650
2189,671
2204,671
2219,664
2234,649
2248,669
2264,672
2278,660
2293,652
2308,673
2323,671
2338,664
2353,652
2368,668
2382,674
2398,663
2412,654
2427,667
2445,669
2459,669
2475,652
2489,663
2504,677
2519,672
2534,653
2548,663
2564,677
2578,672
2593,657
2608,670
2623,684
2637,677
2653,663
2667,676
2682,685
2697,680
2712,665
2726,685
2742,693
2756,685
2771,674
2786,691
2801,700
2817,697
2831,681
2846,699
2861,707
2876,699
2890,686
2906,705
2920,714
2935,704
2950,690
2965,709
2979,719
2995,708
3009,693
3024,713
3039,717
3054,710
3068,695
3084,712
3098,715
3113,705
3128,692
3143,715
3158,718
3173,696
3187,688
3205,693
3220,705
3234,696
3251,687
3265,699
3280,697
3295,702
3310,682
3324,695
3340,702
3354,700
3369,680
3384,694
3398,704
3414,692
3428,676
3443,692
3458,698
3473,685
3487,673
3503,688
3517,697
3532,684
3547,668
3562,690
3576,695
3592,681
3606,670
3621,692
3636,705
3651,693
3665,684
3681,704
3695,707
3712,696
3726,688
3741,702
3756,705
3771,688
3785,681
3800,698
3815,699
3829,685
3845,678
3859,694
3874,697
3889,677
3904,670
3918,689
3934,690
3948,668
3966,660
3981,672
3996,685
4011,676
4026,651
4040,669
4056,680
4070,666
4085,652
4100,672
4115,677
4129,663
4145,649
4159,667
4174,678
4190,663
4204,640
4219,663
4234,668
4249,655
4263,642
4279,665
4293,665
4308,660
4323,642
4338,665
4353,668
4368,648
4382,637
4398,657
4412,654
4427,633
4442,613
4457,629
4472,625
4487,606
4502,586
4516,610
4532,609
4546,603
4561,598
4576,627
4591,646
4605,633
4621,632
4636,652
4652,662
4666,651
4681,648
4696,664
4711,665
4725,648
4744,636
4758,654
4773,666
4788,660
4803,641
4817,654
4833,667
4852,669
4867,659
4882,641
4896,658
4912,665
4926,656
4941,640
4956,657
4971,669
4985,659
5001,639
5016,660
5030,674
5046,662
5060,640
5075,663
5091,670
5106,659
5121,645
5136,656
5150,663
5166,662
5180,643
5195,645
5211,662
5225,657
5240,648
5255,659
5270,670
5284,660
5300,639
5314,658
5329,663
5344,653
5359,638
5373,649
5389,667
5403,653
5419,640
5433,664
5448,673
5464,667
5478,646
5493,664
5511,664
5525,663
5539,647
5555,645
5570,662
5584,662
5600,642
5614,646
5628,662
5644,656
5658,634
5672,649
5688,657
5702,653
5718,636
5732,653
5747,665
5762,651
5776,635
5791,653
5806,659
5820,640
5835,634
5850,654
5865,656
5879,640
5894,628
5909,651
5923,648
5939,633
5953,634
5967,638
5983,647
5997,626
6012,633
6028,649
6042,641
6056,619
6072,626
6086,635
6100,615
6116,588
6130,596
6146,592
6160,582
6174,570
6190,598
6204,618
6219,625
6234,624
6248,647
6265,645
6281,640
6295,625
6309,639
6325,650
6339,639
6353,623
6369,640
6383,645
6398,629
6413,624
6427,640
6443,646
6457,627
6472,612
6488,639
6502,645
6516,631
6532,627
6546,648
6560,646
6576,625
6590,631
6605,653
6620,649
6634,630
6649,637
6664,652
6679,650
6693,626
6708,644
6723,658
6737,647
6752,630
6767,651
6781,660
6797,644
6811,633
6825,657
6841,660
6855,647
6871,638
6885,655
6899,660
6915,645
6930,641
6944,653
6960,662
6974,645
6988,646
7004,664
7021,665
7035,653
7051,640
7065,657
7080,665
7095,645
7110,640
7124,657
7140,663
7154,654
7170,645
7184,662
7199,664
7214,651
7229,644
7243,662
7259,662
7273,649
7288,643
7303,660
7318,661
7332,648
7348,643
7362,658
7378,660
7393,648
7408,636
7422,646
7438,658
7452,641
7468,636
7482,649
7497,650
7512,632
7527,627
7541,646
7557,644
7571,624
7586,625
7601,641
7616,643
7630,624
7646,625
7660,640
7675,628
7690,614
7705,601
7719,596
7735,573
7749,538
7764,528
7782,534
7796,550
7812,553
7827,555
7842,605
7857,626
7872,618
7886,601
7902,625
7916,633
7931,618
7946,614
7961,630
7975,640
7991,628
8005,622
8020,639
8035,640
8050,630
8065,619
8080,641
8094,643
8110,638
8124,621
8139,646
8154,652
8169,637
8183,634
8199,659
8214,664
8228,647
8244,644
8258,667
8273,670
8288,656
8303,654
8318,667
8334,667
8348,660
8364,649
8378,665
8393,673
8408,653
8423,648
8437,664
8453,665
8467,651
8482,646
8497,670
8512,667
8526,650
8542,655
8559,660
8573,673
8589,661
8603,646
8619,664
8633,669
8648,659
8663,647
8678,662
8692,665
8708,651
8722,637
8737,650
8753,665
8768,650
8782,638
8798,652
8812,663
8827,648
8842,641
8857,657
8871,654
8887,655
8901,630
8916,649
8931,656
8945,636
8961,632
8976,648
8990,649
9005,635
9020,625
9035,643
9050,648
9065,631
9079,624
9094,636
9109,642
9123,622
9139,619
9153,636
9168,637
9183,616
9198,620
9222,610
9241,596
9256,599
9271,606
9286,596
9300,577
9316,580
9333,598
9349,612
9363,611
9378,609
9393,625
9407,632
9422,616
9437,621
9452,636
9466,640
9482,623
9496,626
9511,644
9526,648
9541,630
9555,636
9571,652
9585,657
9601,636
9615,646
9630,665
9645,660
9660,650
9674,657
9690,671
9705,679
9720,659
9735,668
9750,685
9764,679
9780,669
9794,674
9809,695
9824,685
9839,666
9853,681
9868,693
9883,694
9897,674
9913,685
9927,696
9943,690
9957,676
9972,692
9987,703
10002,690
10016,677
10032,693
10046,698
10061,686
10077,677
10089,698
10104,707
10119,688
10134,681
10148,694
10165,698
10179,685
10194,676
10209,692
10224,698
10238,683
10254,676
10268,696
10284,698
10298,671
10313,673
10328,692
10343,696
10358,675
10373,670
10388,684
10402,686
10418,670
10432,668
10447,681
10462,691
10477,667
10491,661
10507,678
10522,675
10536,656
10552,659
10566,672
10582,674
10596,650
10611,656
10627,672
10642,670
10656,660
10672,658
10686,670
10701,669
10716,653
10731,654
10745,670
10761,668
10778,664
10793,647
10808,662
10823,669
10838,660
10853,650
10867,663
10883,670
10897,662
10912,646
10928,660
10942,670
10957,662
10972,645
10987,662
11001,667
11017,660
11031,647
11046,663
11062,671
11077,665
11091,646
11107,658
11121,664
11137,661
11152,650
11166,659
11182,670
11196,661
11211,648
11226,659
11241,664
11255,660
11271,645
11285,659
11300,674
11316,658
11330,647
11345,660
11360,661
11375,657
11389,644
11405,661
11419,668
11435,655
11449,644
11464,657
11482,663
11496,660
11511,643
11526,654
11541,670
11556,670
11571,646
11586,652
11600,666
11615,667
11630,649
11644,658
11660,673
11674,664
11689,646
11704,665
11718,671
11734,664
11748,647
11763,664
11778,671
11792,660
11807,650
11822,668
11837,669
11851,659
11866,652
11881,667
11895,670
11911,650
11925,652
11939,665
11955,674
11969,659
11984,654
12000,672
12014,676
12029,652
12044,653
12058,667
12073,668
12088,650
12103,655
12118,669
12133,663
12147,650
12172,663
12189,660
12206,649
12223,654
12239,666
12257,668
12274,669
12291,663
12308,656
12324,652
12342,656
12358,665
12376,671
12393,670
12409,659
12427,650
12443,650
12465,647
12482,649
12499,656
12516,672
12533,671
12551,667
12567,650
12584,648
12601,650
12618,667
12635,672
12652,668
12668,663
12686,649
12703,646
12720,656
12737,667
12753,668
12771,673
12787,655
12805,649
12821,646
12838,659
12855,670
12872,674
12890,669
12906,657
12923,649
12940,651
12957,662
12977,665
12994,669
13011,665
13029,668
13045,651
13063,647
13080,649
13096,660
13114,666
13131,669
13148,667
13165,653
13182,647
13199,652
13216,660
13234,667
13250,668
13267,661
13284,654
13301,650
13319,656
13335,663
13352,670
13370,669
13386,664
13404,657
13421,648
13437,649
13455,662
13472,666
13489,668
13506,667
13523,653
13541,652
13558,648
13575,661
13592,665
13609,675
13626,668
13643,659
13661,646
13677,648
13694,661
13712,667
13728,671
13746,668
13765,666
13783,659
13800,649
13816,650
13834,664
13850,664
13868,677
13885,670
13901,658
13919,647
13936,652
13953,661
13970,667
13987,672
14004,664
14021,655
14039,651
14056,648
14073,656
14090,665
14107,666
14125,670
14141,658
14158,651
14176,649
14192,659
14210,666
14226,667
14243,669
14261,661
14277,655
14295,645
14312,648
14328,664
14346,668
14363,672
14380,660
14397,648
14414,648
14431,655
14448,660
14466,670
14482,669
14499,660
14517,654
14533,646
14551,655
14570,654
14588,662
14605,663
14622,669
14640,659
14656,646
14673,646
14690,655
14707,666
14725,669
14741,664
14758,664
14776,649
14792,642
14810,654
14827,663
14843,666
14861,667
14877,662
14895,646
14912,644
14928,657
14946,665
14963,673
14980,668
14997,660
15013,649
15031,646
15048,655
15065,665
15082,673
15099,668
15117,663
15134,653
15151,642
15168,657
15184,663
15202,668
15219,664
15236,660
15253,652
15270,644
15287,654
15304,666
15322,669
15338,669
15357,666
15375,659
15392,652
15409,643
15426,654
15443,666
15460,669
15477,665
15494,656
15511,645
15528,646
15545,655
15562,667
15580,664
15596,665
15613,656
15631,652
15648,643
15666,654
15682,661
15699,667
15716,666
15733,658
15751,650
15767,647
15784,655
15802,662
15818,669
15836,662
15853,657
15869,651
15887,653
15904,654
15921,665
15938,669
15954,665
15972,659
15989,651
16006,650
16023,654
16040,666
16057,671
16074,665
16091,657
16108,645
16125,649
16142,654
16162,654
16180,664
16197,666
16214,665
16231,658
16248,648
16265,646
16282,652
16300,665
16316,663
16333,668
16350,661
16367,657
16385,644
16402,654
16418,662
16436,666
16453,665
16470,660
16487,649
16504,645
16521,652
16538,665
16555,661
16572,668
16589,658
16606,645
16623,646
16641,655
16657,670
16674,670
16692,669
16709,665
16727,647
16743,648
16760,654
16778,663
16794,670
16812,667
16829,662
16845,654
16863,643
16880,654
16897,660
16914,666
16930,667
16951,666
16967,663
16985,651
17002,643
17018,648
17036,662
17053,665
17070,667
17087,659
17104,655
17121,643
17138,652
17156,662
17172,668
17189,666
17207,661
17224,654
17242,646
17258,648
17275,661
17293,664
17309,668
17327,668
17343,651
17360,642
17378,649
17394,657
17412,669
17429,665
17445,662
17463,651
17480,642
17497,646
17514,660
17531,667
17548,668
17565,661
17583,649
17599,645
17616,649
17634,667
17650,671
17668,663
17684,664
17701,653
17719,643
17736,648
17756,645
17773,659
17789,664
17807,668
17823,661
17841,647
17857,646
17874,655
17891,665
17908,663
17925,666
17942,665
17958,649
17976,648
17992,659
18010,665
18026,668
18043,664
18061,656
18077,644
18095,646
18111,660
18128,662
18145,666
18162,659
18179,651
18196,642
18212,657
18230,662
18246,667
18264,666
18281,659
18297,646
18315,646
18331,652
18349,665
18366,667
18382,666
18400,655
18416,647
18434,646
18450,658
18467,663
18484,667
18501,665
18518,654
18535,646
18549,663
18567,671
18583,667
18600,665
18617,651
18634,641
18651,650
18668,664
18684,668
18702,664
18718,657
18736,653
18752,645
18769,655
18787,665
18803,672
18821,669
18837,655
18854,641
18871,642
18888,655
18906,666
18922,667
18939,660
18956,657
18973,645
18990,646
19007,662
19023,663
19041,668
19057,661
19075,659
19091,645
19108,653
19125,667
19142,667
19159,670
19176,659
19192,651
19210,649
19226,658
19244,670
19260,674
19277,666
19294,656
19312,649
19332,650
19348,650
19365,663
19383,669
19399,672
19417,667
19434,656
19450,648
19468,645
19485,662
19502,666
19519,668
19535,670
19553,654
19570,649
19587,650
19604,664
19621,665
19638,670
19655,667
19673,659
19689,648
19706,648
19724,663
19740,668
19758,670
19775,665
19791,655
19809,654
19826,646
19844,657
19860,669
19877,674
19895,663
19911,660
19929,647
19946,650
19962,657
19980,666
19997,665
20014,668
20031,658
20048,646
20065,648
20082,659
20100,668
20116,672
20135,669
20153,665
20170,659
20187,649
20204,649
20221,658
20238,668
20255,671
20273,665
20289,651
20306,650
20324,650
20340,660
20359,665
20375,669
20392,667
20410,665
20426,644
20444,644
20460,655
20477,668
20495,667
20511,666
20529,656
20546,651
20562,648
20580,658
20597,665
20614,662
20631,663
20648,655
20665,649
20682,649
20699,659
20716,661
20733,665
20750,668
20767,656
20785,644
20801,647
20818,656
20836,661
20852,666
20870,659
20887,658
20904,645
20924,642
20941,644
20959,654
20975,663
20993,669
21010,665
21026,657
21044,648
21061,646
21079,653
21095,661
21112,664
21134,662
21150,668
21168,661
21185,653
21201,647
21219,647
21235,659
21253,667
21270,669
21287,665
21304,654
21321,644
21339,644
21355,659
21372,663
21390,667
21407,664
21425,657
21441,652
21458,644
21476,654
21492,665
21510,665
21527,666
21543,660
21561,648
21578,644
21596,656
21612,663
21629,668
21647,663
21663,660
21681,643
21697,645
21714,650
21734,659
21751,664
21769,670
21785,663
21803,655
21820,647
21836,648
21854,652
21870,662
21888,668
21905,664
21921,654
21940,642
21956,647
21974,653
21991,663
22007,668
22025,667
22042,660
22059,651
22076,644
22093,657
22110,660
22127,667
22144,663
22161,659
22178,649
22195,642
22212,656
22230,662
22246,665
22263,663
22281,657
22297,641
22315,645
22331,657
22348,666
22366,666
22382,663
22400,655
22417,649
22433,645
22451,660
22468,663
22486,665
22503,660
22522,668
22539,659
22556,648
22574,645
22590,654
22607,663
22625,664
22641,666
22659,657
22676,646
22692,641
22710,652
22727,663
22744,666
22761,665
22777,658
22795,650
22812,642
22829,661
22846,664
22863,662
22880,662
22897,655
22915,648
22931,645
22948,654
22966,664
22983,668
23001,664
23017,663
23034,645
23052,643
23068,648
23086,663
23103,667
23119,667
23137,670
23153,649
23171,643
23188,657
23205,661
23222,666
23239,669
23257,660
23273,647
23290,642
23308,655
23327,654
23344,665
23361,665
23378,667
23395,662
23412,641
23430,645
23446,654
23463,659
23481,664
23497,665
23516,665
23532,654
23549,637
23567,653
23583,663
23601,671
23618,667
23634,661
23652,652
23668,644
23686,658
23703,662
23719,666
23737,672
23754,659
23771,649
23788,645
23805,647
23822,662
23839,669
23857,666
23873,670
23890,649
23907,645
23924,650
23942,665
23959,671
23975,666
23993,661
24010,652
24027,647
24045,647
24061,658
24079,668
24096,666
24116,665
24132,660
24150,652
24166,645
24183,652
24200,661
24217,666
24233,661
24251,657
24267,649
24285,649
24301,652
24318,663
24336,668
24352,666
24370,657
24386,646
24403,644
24420,658
24437,663
24454,669
24471,656
24487,649
24505,642
24521,646
24539,661
24556,665
24573,665
24590,663
24607,656
24624,646
24641,654
24657,664
24675,662
24691,665
24709,659
24725,649
24742,644
24759,660
24776,666
24793,667
24810,665
24826,654
24844,649
24860,646
24878,661
24895,668
24922,645
24938,654
24955,664
24973,667
24989,667
25007,657
25023,647
25040,642
25057,657
25075,663
25092,667
25109,667
25125,663
25143,646
25159,645
25177,659
25193,665
25210,667
25227,663
25244,656
25261,645
25278,650
25295,663
25312,664
25329,666
25346,662
25363,645
25379,643
25397,653
25413,660
25431,658
25447,665
25464,658
25481,651
25498,642
25516,653
25532,667
25549,665
25566,663
25583,653
25601,647
25617,647
25634,659
25652,664
25668,663
25686,667
25705,662
25721,650
25739,644
25756,647
25773,655
25790,665
25807,667
25824,660
25841,653
25859,648
25875,647
25892,658
25910,663
25926,670
25944,663
25961,653
25977,650
25995,648
26012,658
26029,665
26046,660
26063,662
26080,653
26097,642
26115,646
26132,655
26149,667
26166,672
26183,669
26201,661
26217,642
26234,641
26252,653
26268,663
26286,661
26303,664
26319,655
26337,650
26354,643
26371,657
26388,662
26405,666
26422,668
26439,658
26457,650
26473,646
26490,652
26510,654
26527,663
26544,665
26561,661
26578,660
26595,650
26612,642
26630,654
26647,667
26664,667
26682,666
26698,661
26716,651
26733,645
26749,650
26767,661
26784,666
26801,665
26818,662
26835,649
26852,644
26869,652
26887,664
26903,664
26920,666
26938,662
26954,650
26972,642
26988,654
27005,663
27023,667
27039,666
27057,662
27074,645
27090,643
27108,651
27125,662
27142,664
27159,666
27177,664
27194,655
27211,644
27229,649
27245,665
27262,666
27280,668
27296,662
27312,644
27328,648
27345,656
27363,662
27379,667
27397,662
27414,656
27430,647
27448,643
27465,657
27482,661
27499,667
27515,668
27533,648
27550,643
27567,645
27584,653
27601,664
27618,671
27635,662
27653,653
27669,647
27686,646
27704,652
27721,661
27739,666
27755,669
27772,662
27790,650
27806,645
27824,656
27841,662
27857,669
27875,663
27891,660
27909,649
27926,645
27942,655
27960,665
27977,672
27994,663
28011,659
28028,649
28045,646
28062,662
28080,664
28099,662
28115,662
28133,669
28150,658
28167,645
28184,646
28201,654
28219,661
28236,663
28253,667
28270,662
28288,651
28304,646
28321,651
28339,666
28355,674
28372,671
28390,661
28406,651
28424,647
28441,657
28457,663
28475,670
28491,667
28509,663
28526,650
28542,638
28560,654
28577,664
28594,666
28611,670
28628,659
28645,653
28662,644
28680,654
28696,662
28713,667
28730,666
28748,663
28765,653
28782,642
28800,651
28816,662
28833,666
28851,664
28867,661
28884,641
28904,652
28921,646
28939,650
28955,666
28973,668
28990,665
29006,662
29024,650
29041,645
29058,648
29075,666
29092,664
29109,667
29126,665
29144,647
29160,640
29177,650
29195,660
29211,669
29229,674
29246,663
29262,650
29281,645
29297,646
29315,660
29332,667
29348,669
29366,664
29383,653
29400,648
29417,644
29434,659
29451,667
29468,666
29486,662
29502,656
29519,638
29537,648
29553,660
29571,668
29588,666
29604,663
29622,656
29639,648
29657,646
29673,657
29693,658
29710,664
29727,667
29745,664
29762,660
29778,647
29910,666
29927,668
29944,666
29962,659
29978,655
29996,652
30013,650
30030,667
30047,670
30064,668
30082,666
30099,650
30115,645
30133,653
30150,662
30167,665
30184,672
30201,661
30218,650
30235,645
30253,652
30269,665
30286,665
30304,669
30321,663
30338,655
30355,644
30372,649
30389,661
30406,674
30424,669
30441,666
30458,661
30476,651
30493,647
30510,654
30527,665
30544,669
30561,661
30578,659
30596,650
30615,651
30631,653
30649,660
30665,665
30683,665
30699,665
30716,657
30733,644
30750,649
30767,666
30784,667
30801,667
30818,663
30835,653
30852,645
30869,652
30885,665
30903,668
30919,667
30937,661
30953,649
30971,648
30988,653
31005,667
31022,668
31039,669
31055,661
31073,649
31090,648
31107,656
31124,664
31140,667
31158,670
31174,658
31192,651
31208,649
31225,664
31242,666
31259,669
31277,668
31293,652
31310,644
31327,649
31344,672
31361,669
31378,670
31397,671
31415,662
31431,646
31449,644
31465,656
31482,663
31500,663
31517,672
31534,663
31551,651
31567,649
31585,658
31601,663
31619,668
31635,670
31652,662
31670,650
31686,648
31704,656
31720,667
31737,677
31754,668
31771,654
31788,647
31805,651
31821,664
31839,668
31855,667
31873,665
31889,653
31906,649
31924,651
31940,663
31958,667
31974,667
31991,658
32008,651
32026,647
32043,652
32060,664
32076,668
32094,668
32110,658
32128,654
32144,649
32161,658
32179,666
32198,669
32215,671
32232,670
32249,656
32266,648
32283,652
32301,658
32317,663
32334,670
32352,666
32368,662
32386,654
32403,649
32419,661
32437,668
32454,689
32471,665
32488,658
32505,648
32522,649
32540,655
32558,668
32574,669
32591,668
32609,666
