67
118
153
187
222
256
290
324
359
393
428
461
496
530
565
599
633
668
702
737
771
805
839
874
908
943
976
1011
1045
1080
1114
1148
1183
1217
1252
1286
1320
1354
1389
1423
1458
1492
1526
1561
1595
1630
1664
1698
1733
1767
1802
1836
1870
1904
1939
1973
2008
2041
2076
2110
2145
2179
2213
2248
2283
2317
2352
2385
2420
2454
2489
2523
2557
2591
2626
2660
2695
2728
2763
2798
2832
2867
2900
2935
2969
3004
3038
3073
3106
3141
3175
3208
3243
3276
3312
3346
3381
3416
3449
3484
3518
3553
3588
3621
3656
3690
3723
3758
3792
3827
3862
3897
3931
3965
4000
4035
4070
4104
4139
4173
4208
4242
4277
4312
4346
4381
4416
4451
4485
4519
4554
4589
4623
4658
4692
4727
4762
4796
4831
4866
4901
4935
4970
5005
5040
5074
5109
5144
5178
5217
5252
5286
5321
5356
5391
5426
5460
5495
5530
5565
5600
5634
5668
5703
5738
5773
5807
5841
5876
5911
5946
5981
6016
6050
6084
6119
6157
6192
6225
6260
6295
6330
6364
6398
6433
6468
6504
6538
6573
6607
6642
6676
6711
6746
6780
6815
6849
6884
6919
6953
6988
7022
7058
7093
7127
7161
7196
7231
7266
7303
7337
7372
7406
7441
7476
7511
7545
7580
7615
7650
7684
7718
7753
7788
7823
7857
7891
7926
7961
7995
8030
8065
8099
8134
8169
8204
8239
8272
8307
8342
8377
8412
8445
8480
8515
8550
8585
8620
8654
8689
8724
8758
8793
8827
8862
8897
8932
8966
9000
9035
9070
9107
9142
9177
9211
9246
9281
9316
9350
9384
9419
9454
9488
9523
9558
9592
9626
9661
9696
9732
9765
9800
9835
9870
9904
9938
9973
10008
10043
10077
10112
10146
10181
10216
10251
10286
10320
10355
10389
10424
10459
10493
10528
10562
10597
10632
10667
10701
10735
10770
10806
10841
10874
10909
10947
10981
11016
11051
11085
11119
11154
11189
11224
11257
11292
11328
11363
11397
11431
11466
11501
11535
11570
11604
11639
11674
11708
11743
11781
11814
11850
11885
11919
11954
11988
12023
12057
12092
12127
12162
12196
12230
12265
12300
12335
12368
12404
12439
12473
12508
12542
12577
12611
12646
12681
12716
12750
12784
12819
12854
12889
12923
12958
12993
13028
13062
13096
13131
13166
13200
13235
13270
13304
13339
13373
13408
13443
13477
13512
13547
13582
13617
13651
13685
13720
13755
13790
13825
13858
13893
13928
13963
13999
14038
14072
14106
14141
14176
14211
14245
14280
14317
14352
14387
14422
14456
14491
14529
14564
14599
14632
14667
14702
14737
14772
14807
14840
14875
14910
14945
14979
15013
15048
15084
15119
15153
15187
15222
15257
15292
15326
15361
15395
15430
15465
15499
15534
15568
15604
15639
15673
15708
15742
15777
15812
15846
15881
15916
15950
15985
16019
16054
16089
16123
16159
16193
16228
16263
16297
16331
16366
16401
16436
16471
16505
16539
16574
16609
16644
16678
16713
16748
16783
16817
16855
16889
16923
16958
16993
17028
17062
17097
17131
17166
17201
17236
17270
17305
17340
17375
17410
17444
17478
17513
17548
17583
17617
17651
17686
17721
17757
17792
17825
17860
17895
17930
17965
17998
18033
18068
18103
18138
18174
18209
18244
18279
18314
18349
18383
18418
18452
18487
18522
18556
18591
18626
18660
18695
18729
18764
18799
18834
18869
18904
18938
18973
19007
19042
19077
19111
19146
19180
19215
19250
19284
19319
19354
19389
19422
19456
19490
19525
19559
19594
19629
19662
19697
19732
19767
19801
19835
19870
19905
19940
19974
20008
20043
20077
20112
20147
20180
20215
20250
20284
20319
20354
20388
20423
20458
20492
20527
20561
20595
20630
20665
20699
20733
20768
20802
20837
20872
20905
20940
20975
21010
21045
21079
21113
21148
21182
21217
21252
21285
21320
21355
21389
21424
21458
21493
21528
21562
21597
21632
21665
21700
21737
21772
21807
21840
21875
21910
21947
21982
22016
22051
22085
22120
22155
22189
22223
22258
22292
22327
22362
22395
22430
22465
22500
22534
22569
22603
22638
22673
22708
22742
22776
22811
22846
22885
22919
22953
22988
23023
23058
23092
23128
23161
23196
23231
23266
23301
23334
23369
23404
23438
23473
23507
23542
23576
23611
23646
23681
23715
23749
23784
23819
23854
23887
23922
23957
23991
24026
24060
24095
24129
24164
24199
24233
24268
24302
24337
24372
24407
24440
24477
24512
24547
24582
24616
24651
24685
24721
24756
24791
24824
24859
24894
24929
24964
24998
25033
25067
25102
25137
25171
25206
25241
25276
25311
25346
25382
25417
25451
25486
25521
25554
25589
25624
25658
25693
25728
25761
25797
25832
25866
25901
25935
25969
26004
26039
26074
26107
26142
26177
26211
26246
26280
26315
26350
26385
26419
26454
26488
26522
26557
26592
26627
26660
26695
26730
26764
26799
26833
26868
26903
26938
26972
27010
27043
27078
27113
27148
27182
27216
27251
27285
27320
27355
27389
27424
27459
27493
27528
27563
27596
27631
27666
27700
27735
27769
27803
27838
27873
27908
27942
27977
28011
28046
28081
28114
28149
28184
28219
28253
28288
28322
28356
28391
28426
28461
28495
28530
28564
28599
28634
28667
28702
28737
28771
28806
28840
28874
28909
28944
28979
29016
29050
29085
29119
29154
29189
29222
29257
29292
29326
29361
29395
29430
29464
29499
29537
29572
29605
29640
29675
29709
29744
29778
29812
29847
29882
29916
29950
29985
30019
30055
30089
30124
30158
30192
30227
30262
30296
30330
30365
30399
30434
30469
30502
30537
30572
30607
30642
30675
30710
30745
30780
30814
30849
30882
30917
30952
30987
31021
31055
31089
31125
31160
31194
31228
31263
31298
31332
31367
31400
31435
31470
31505
31539
31574
31608
31643
31678
31717
31752
31785
31820
31855
31890
31924
31959
31993
32027
32065
32100
32134
32168
32204
32238
32273
32308
32342
32376
32411
32445
32480
32515
32548
32583
32620
32655
32690
32724
32759
32794
32829
32864
32898
32932
32967
33002
33037
33071
33105
33140
33175
33210
33244
33280
33314
33348
33383
33418
33453
33487
33521
33556
33591
33626
33660
33694
33729
33764
33800
33835
33868
33903
33938
33973
34007
34041
34076
34111
34146
34180
34214
34249
34284
34319
34354
34388
34423
34458
34492
34527
34562
34598
34633
34668
34703
34738
