851
1023
0
937
1023
520
0
1023
1023
0
480
1023
1023
0
1012
1023
269
0
1023
1023
0
816
1023
783
0
1023
1023
5
149
1023
1023
0
913
1023
661
0
1022
1023
9
316
1023
1023
0
993
1023
203
0
1023
1023
0
341
1023
1023
0
998
1023
150
0
1019
1023
0
889
1023
1023
0
1014
1023
92
0
1023
1023
0
938
1023
527
0
1012
1023
49
0
1021
1023
0
965
1023
390
0
1017
1023
0
627
1023
160
0
1013
1023
11
0
1023
1023
0
920
1023
713
0
1012
1023
0
844
1023
1023
0
933
1023
955
0
1001
1023
318
0
1021
1023
28
0
1023
1023
5
0
1023
1023
0
784
1023
1023
0
988
1023
609
0
1003
1023
569
0
1012
1023
238
0
1014
1023
1023
0
247
1023
1023
0
696
1023
1023
0
750
1023
1023
0
907
1023
942
0
999
1023
468
0
1007
1023
312
0
1011
1023
1023
0
957
1023
710
0
1010
1023
278
0
1010
1023
190
0
1023
1023
25
0
1020
1023
0
622
1023
1023
0
702
1023
1023
0
962
1023
826
0
128
1023
1023
0
832
1023
1023
0
813
1023
1023
0
996
1023
572
0
1004
1023
121
0
1023
1023
0
0
1023
1023
0
349
1023
1023
0
788
1023
1023
0
977
1023
787
0
969
1023
650
0
1015
1023
209
0
1023
1023
40
0
982
1023
1023
0
995
1023
523
0
1012
1023
125
0
1023
1023
0
192
1023
1023
0
257
1023
1023
0
871
1023
1023
0
988
1023
605
0
1009
1023
561
0
1014
1023
148
0
1023
1023
7
0
1022
1023
0
621
1019
1023
0
600
1023
1023
132
0
1023
1023
0
86
1023
1023
0
799
1023
1023
0
836
1023
1023
0
996
1023
552
0
1019
1023
128
0
916
1023
1023
0
936
1023
858
0
1013
1023
292
0
1022
1023
32
0
1023
1023
11
0
1023
1023
0
682
1023
1023
0
950
1023
816
0
1017
1023
653
0
1006
1016
247
0
1023
1023
11
0
1020
1023
0
536
1023
1023
0
643
1023
1023
0
896
1023
1009
0
1002
1023
600
0
1012
1023
1023
238
0
1020
1023
62
0
1023
1023
980
0
1003
1023
782
69
0
1023
1023
0
149
1023
1023
0
712
1023
1023
0
950
1023
952
0
938
1023
879
0
1023
1023
449
0
1014
1023
110
0
1015
1023
160
0
1020
1023
7
0
1023
1023
0
491
1023
1023
0
917
1023
1023
0
886
1023
1023
0
1003
1023
521
0
1013
1023
161
0
1023
1023
121
0
1023
1023
0
0
1003
1023
632
0
1014
1023
197
0
1023
1023
201
0
1023
1023
27
0
1023
1023
0
245
1023
1023
0
805
1023
1023
0
781
1021
1023
0
966
1023
730
0
1013
1023
1023
0
776
1023
1023
0
638
1023
1023
0
928
1023
968
0
1001
1023
564
0
1011
1023
520
0
1008
1023
191
0
1023
1023
13
0
1023
1023
0
382
1023
1023
0
1007
1023
200
0
1021
1023
0
242
1023
1023
0
909
1023
1023
0
985
1023
564
0
1023
1023
46
0
1023
1023
0
698
1023
1023
0
902
1023
909
0
1000
1023
164
0
1023
1023
0
364
1023
1023
0
779
1023
1023
0
1000
1023
371
0
1012
1023
14
0
1023
1023
0
540
1023
1023
0
974
1023
1023
0
635
1023
1023
0
0
1023
1022
4
289
1023
1023
0
922
1023
757
0
1002
1023
124
0
1023
1023
50
0
1023
1023
0
463
1023
1023
0
0
995
1023
373
0
1015
1023
300
0
1011
1023
26
0
1019
1023
0
718
1023
1023
0
972
1023
1005
0
1000
1023
321
0
1015
1023
11
0
1023
1023
0
822
1023
1023
0
951
1023
689
0
1011
1023
123
0
926
1023
906
0
1000
1023
974
0
998
1023
475
0
1006
1023
213
0
1016
1023
32
0
1023
1023
39
0
1020
1023
524
0
1020
1023
55
0
1023
1023
0
707
1023
1023
0
888
1023
977
0
997
1023
299
0
1023
1023
3
74
1016
1023
0
346
1023
1023
0
945
1023
768
0
1003
1023
130
0
1020
1023
65
0
1023
1023
538
0
1009
1023
79
0
1023
1023
0
650
1023
1023
0
829
1023
1023
0
1004
1023
318
0
1016
1023
10
5
1023
1023
0
423
1023
1023
0
977
1023
596
0
1006
1023
98
0
1023
1023
30
0
1023
1023
0
775
1023
1023
0
999
1023
335
0
1022
1023
103
0
964
1023
620
0
1022
1023
59
0
1023
1023
0
690
1023
1023
253
0
1023
1023
0
279
1023
1023
0
935
1023
734
0
1015
1023
380
0
1012
1023
3
76
1020
1023
0
909
1023
895
0
1010
1023
146
0
1013
1023
33
0
1023
1023
0
839
1023
1023
0
1008
1023
242
0
1023
1023
85
0
1023
1023
0
573
1023
1023
0
962
1023
596
0
1003
1021
1023
70
0
1023
1023
0
528
1023
1023
136
0
1022
1023
53
0
1023
1023
0
715
1023
1023
0
1004
1023
343
0
780
1023
1023
0
847
1023
1023
0
968
1023
656
0
1014
1023
171
0
1011
1023
134
0
1019
1023
5
0
1023
1023
0
737
1023
1023
0
936
1023
1023
0
950
1023
756
0
1004
1023
277
0
1013
1023
35
0
1017
1023
22
0
1023
1023
0
639
1020
1023
130
0
1018
1023
