27,584
51,658
65,581
80,561
95,695
109,708
123,588
139,545
153,572
167,526
182,433
197,470
211,536
226,438
240,345
254,451
270,530
284,446
299,438
313,575
327,591
343,491
357,516
371,624
387,574
401,463
415,521
430,590
445,490
459,413
474,510
489,553
508,545
523,435
537,427
551,548
567,535
581,426
595,470
610,570
624,500
640,409
654,490
668,551
684,443
698,386
712,494
727,510
741,393
756,394
771,509
785,482
799,374
815,425
829,522
843,449
859,362
873,448
890,500
905,483
920,374
934,409
950,508
964,486
979,378
994,420
1008,522
1024,464
1038,371
1053,443
1068,529
1082,450
1097,377
1112,470
1127,538
1141,442
1157,387
1171,497
1185,536
1201,427
1215,401
1229,517
1245,525
1259,412
1274,417
1289,532
1303,512
1318,403
1333,438
1348,545
1362,499
1377,401
1392,464
1408,553
1422,506
1437,410
1452,475
1466,567
1481,494
1496,414
1511,502
1525,572
1540,479
1555,422
1569,529
1585,572
1599,466
1613,431
1629,543
1643,563
1660,509
1676,422
1690,501
1704,577
1720,488
1734,422
1750,523
1764,574
1778,469
1794,429
1808,541
1822,563
1838,452
1853,428
1867,539
1883,562
1897,450
1912,437
1927,553
1941,547
1956,435
1971,453
1986,562
2000,528
2015,424
2030,471
2044,570
2060,509
2074,417
2088,491
2104,571
2118,488
2132,416
2148,513
2162,569
2178,467
2192,420
2206,532
2222,560
2236,448
2250,430
2266,546
2280,547
2295,435
2311,429
2325,543
2340,548
2355,435
2370,443
2384,555
2399,530
2416,470
2432,416
2446,525
2460,560
2476,450
2490,427
2504,542
2520,546
2534,433
2549,443
2564,555
2578,527
2593,420
2608,463
2622,564
2637,505
2652,413
2667,486
2681,567
2696,483
2711,411
2725,508
2740,564
2755,460
2770,411
2785,510
2800,562
2814,457
2829,417
2844,530
2859,552
2873,438
2888,431
2903,545
2918,536
2932,425
2947,448
2962,557
2976,517
2992,414
3006,468
3020,563
3036,496
3050,409
3064,490
3080,564
3094,473
3108,409
3124,513
3138,559
3153,453
3171,413
3185,467
3200,561
3216,514
3230,411
3245,468
3260,561
3274,494
3289,407
3304,489
3318,562
3334,470
3348,408
3362,510
3378,557
3392,450
3406,416
3422,529
3436,546
3451,434
3466,427
3481,540
3495,534
3510,422
3525,443
3539,552
3554,513
3569,410
3584,464
3598,559
3613,490
3628,405
3643,487
3657,559
3673,487
3688,404
3702,485
3717,556
3732,466
3746,404
3761,510
3776,553
3790,445
3805,414
3820,528
3834,540
3850,427
3864,428
3878,542
3894,523
3908,414
3923,444
3941,505
3955,553
3970,448
3985,409
3999,523
4015,543
4029,431
4043,421
4059,536
4073,529
4088,418
4103,437
4117,546
4132,527
4148,416
4162,437
4177,546
4192,511
4206,406
4221,455
4236,553
4251,489
4265,400
4280,477
4295,554
4310,469
4325,398
4339,495
4354,549
4369,448
4383,403
4399,513
4413,543
4427,432
4443,413
4457,529
4471,529
4487,416
4501,429
4516,540
4531,511
4545,404
4560,448
4575,549
4590,509
4605,403
4620,448
4635,547
4649,492
4664,397
4679,467
4697,524
4711,532
4726,418
4741,424
4755,537
4770,514
4785,406
4799,442
4814,546
4829,495
4844,398
4858,460
4873,549
4888,476
4902,394
4918,480
4932,550
4946,455
4962,396
4976,502
4992,543
5006,435
5020,405
5036,504
5051,541
5065,434
5081,407
5095,520
5109,532
5125,419
5139,419
5154,532
5169,515
5183,405
5198,437
5213,543
5228,496
5242,396
5257,456
5272,548
5286,477
5302,393
5316,477
5330,549
5346,457
5360,395
5374,498
5390,545
5404,438
5420,403
5434,517
5451,548
5466,473
5480,393
5495,469
5511,549
5525,458
5539,395
5554,503
5569,540
5583,427
5598,411
5612,528
5627,517
5642,404
5656,440
5670,544
5686,486
5700,393
5714,473
5729,548
5744,453
5758,395
5773,506
5787,537
5803,423
5817,414
5831,530
5846,513
5861,401
5875,443
5890,544
5904,480
5919,392
5934,477
5949,547
5963,467
5978,392
5993,492
6007,543
6022,435
6037,403
6051,520
6066,526
6080,410
6095,429
6110,539
6124,494
6138,393
6154,462
6168,546
6182,458
6200,405
6214,434
6228,540
6244,488
6258,391
6273,468
6287,546
6302,454
6317,393
6331,501
6345,536
6361,424
6375,409
6389,527
6405,527
6419,412
6434,422
6449,534
6463,498
6477,394
6493,454
6507,545
6521,465
6536,390
6551,489
6565,541
6580,432
6594,401
6609,518
6624,522
6638,407
6652,427
6668,537
6682,491
6696,391
6711,461
6725,545
6740,457
6755,390
6769,495
6785,538
6799,426
6813,405
6828,519
6843,516
6858,414
6873,415
6887,530
6901,503
6917,394
6931,447
6948,509
6963,530
6977,417
6992,408
7007,523
7022,516
7036,404
7051,425
7066,534
7080,497
7096,395
7110,446
7124,543
7140,478
7154,389
7169,468
7184,544
7198,456
7214,389
7228,490
7242,542
7258,437
7272,396
7286,508
7303,541
7317,434
7331,397
7347,510
7361,530
7376,417
7391,409
7405,525
7420,515
7435,404
7449,426
7464,535
7479,498
7494,393
7508,445
7523,542
7538,478
7553,388
7568,468
7582,543
7597,456
7612,388
7626,487
7642,541
7656,438
7670,392
7686,503
7700,534
7717,486
7733,389
7747,455
7762,540
7778,484
7792,388
7806,460
7822,542
7836,465
7852,387
7866,472
7881,543
7896,453
7910,387
7925,488
7940,541
7955,438
7969,391
7985,501
8003,517
8018,522
8033,408
8047,417
8062,530
8077,504
8092,395
8107,436
8121,538
8136,487
8151,389
8166,450
8180,542
8196,471
8210,386
8225,450
8241,541
8255,469
8269,386
8285,470
8299,542
8314,452
8329,385
8343,486
8358,539
8373,437
8388,389
8402,498
8418,534
8432,424
8448,398
8462,513
8479,540
8494,467
8509,385
8523,472
8538,541
8553,446
8567,386
8583,494
8597,535
8611,425
8627,396
8641,511
8655,523
8672,423
8686,397
8700,514
8716,520
8730,405
8744,414
8760,527
8774,501
8790,393
8804,433
8818,537
8834,482
8848,387
8863,451
8878,539
8892,464
8907,383
8922,473
8936,539
8951,441
8966,386
8981,496
8995,532
9010,422
9025,398
9039,513
9054,518
9069,405
9083,411
9099,525
9113,503
9128,405
9143,414
9158,526
9172,500
9188,392
9202,433
9217,536
9234,532
9249,421
9264,397
9278,513
9293,518
9308,406
9323,411
9337,525
9352,502
9367,393
9381,431
9397,536
9411,482
9425,385
9441,455
9455,541
9469,459
9485,383
9499,477
9513,538
9529,436
9543,387
9559,498
9573,529
9588,434
9603,388
9618,501
9632,527
9648,415
9662,400
9676,517
9692,512
9706,400
9720,417
9736,531
9750,493
9765,389
9780,438
9794,537
9809,477
9824,383
9839,457
9853,539
9868,455
9883,383
9897,480
9912,534
9927,433
9942,389
9957,502
9971,527
9989,475
10003,383
10018,457
10034,536
10048,478
10063,384
10078,452
10093,538
10107,462
10123,381
10137,469
10151,538
10167,444
10181,382
10196,488
10211,533
10225,428
10241,390
10255,501
10270,526
10285,415
10300,399
10314,515
10329,515
10344,402
10358,412
10374,524
10388,503
10403,394
10418,426
10432,532
10447,486
10462,385
10477,442
10492,530
10507,490
10522,387
10536,438
10552,536
10566,474
10582,382
10596,456
10610,537
10626,457
10640,381
10655,472
10670,537
10687,504
10702,394
10717,422
10731,529
10746,489
10761,387
10776,436
10790,535
10806,474
10820,382
10834,454
10850,537
10864,456
10880,380
10894,472
10909,536
10924,441
10938,382
10954,464
10969,537
10984,449
10998,381
11014,481
11028,535
11042,431
11058,385
11072,496
11087,527
11102,417
11116,394
11131,509
11146,517
11161,403
11175,407
11191,521
11205,504
11219,394
11235,419
11249,528
11265,491
11279,386
11294,435
11309,534
11323,473
11338,381
11353,454
11370,511
11385,510
11401,409
11415,402
11429,519
11444,503
11459,391
11473,426
11488,532
11503,474
11517,380
11532,457
11547,536
11561,444
11576,380
11590,488
11606,529
11620,418
11634,394
11650,509
11664,511
11678,397
11694,414
11708,525
11722,486
11737,382
11752,443
11766,534
11781,455
11796,378
11810,474
11825,533
11840,428
11855,379
11870,486
11884,529
11898,418
11914,392
11928,508
11942,512
11958,397
11972,413
11986,525
12002,484
12016,381
12030,444
12045,534
12070,456
12087,520
12103,530
12121,473
12137,402
12154,378
12171,427
12187,503
12205,534
12221,496
12237,422
12255,378
12271,405
12289,481
12305,531
12321,516
12340,464
12356,397
12372,379
12390,433
12406,507
12424,533
12440,492
12456,419
12474,377
12490,408
12508,485
12524,531
12540,514
12558,443
12574,385
12591,389
12608,459
12624,522
12642,529
12658,468
12675,400
12692,378
12708,430
12726,504
12742,534
12759,494
12776,420
12792,378
12809,406
12826,484
12843,531
12858,490
12875,419
12892,378
12909,402
12925,474
12943,526
12960,524
12977,462
12994,398
13010,378
13028,427
13044,501
13062,534
13078,503
13095,433
13112,381
13129,391
13146,457
13163,518
13179,531
13197,478
13213,409
13231,376
13247,410
13264,485
13281,530
13298,518
13315,451
13332,391
13348,380
13366,437
13383,493
13401,532
13417,509
13434,441
13451,386
13468,384
13485,447
13502,512
13518,532
13536,487
13552,415
13570,377
13586,404
13603,476
13620,527
13640,530
13657,516
13674,449
13690,390
13708,380
13724,436
13742,506
13758,533
13775,495
13792,425
13809,378
13826,396
13843,464
13859,522
13877,526
13894,487
13912,416
13928,376
13945,401
13962,475
13979,526
13996,521
14013,457
14029,393
14047,375
14063,425
14081,497
14097,529
14114,497
14131,426
14148,376
14164,386
14182,453
14198,513
14216,523
14232,468
14249,400
14266,369
14283,406
14301,479
14317,524
14334,507
14351,440
14368,382
14385,374
14402,432
14419,486
14439,492
14456,524
14473,491
14489,421
14507,372
14524,385
14540,452
14558,512
14574,520
14592,464
14608,396
14625,368
14642,409
14659,482
14675,522
14692,501
14709,431
14726,376
14743,377
14759,440
14777,505
14793,523
14811,475
14827,406
14844,368
14861,399
14878,473
14895,521
14912,512
14928,447
14947,399
14963,372
14981,415
14997,489
15014,529
15031,508
15048,439
15065,384
15082,385
15098,444
15116,511
15132,530
15150,483
15166,412
15183,375
15200,403
15219,410
15237,481
15254,526
15270,517
15288,451
15304,390
15322,376
15338,430
15355,501
15372,529
15389,494
15406,422
15423,376
15439,393
15458,443
15474,509
15492,528
15508,481
15524,411
15542,373
15559,402
15576,472
15593,523
15609,516
15627,453
15643,391
15661,375
15677,427
15694,500
15711,529
15728,497
15745,426
15762,377
15778,391
15796,458
15812,517
15830,526
15846,475
15863,408
15881,374
15897,407
15915,477
15931,527
15948,516
15965,452
15983,404
16000,374
16070,524
16088,518
16105,458
16121,395
16139,374
16155,419
16173,492
16190,529
16206,512
16224,441
16240,386
16258,380
16274,438
16291,506
16309,530
16325,495
16343,420
16359,376
16376,395
16393,463
16410,519
16427,526
16444,474
16461,408
16478,375
16495,405
16512,479
16529,526
16545,517
16563,453
16579,393
16598,375
16615,402
16631,474
16649,525
16665,520
16683,458
16699,395
16716,376
16734,424
16750,496
16768,531
16784,503
16801,435
16818,382
16835,385
16855,391
16871,456
16888,517
16906,528
16922,474
16940,409
16956,375
16973,406
16990,479
17007,526
17024,517
17041,453
17057,392
17075,377
17091,431
17110,483
17127,527
17143,517
17161,451
17177,390
17195,378
17211,431
17228,501
17245,531
17262,501
17278,431
17296,379
17313,387
17330,452
17347,514
17363,529
17381,476
17397,410
17415,374
17431,404
17448,478
17465,525
17482,517
17499,454
17516,392
17533,377
17550,426
17567,498
17584,530
17601,501
17617,430
17636,390
17655,386
17672,381
17689,445
17705,513
17722,527
17739,474
17756,403
17773,374
17789,417
17806,492
17823,530
17840,500
17857,427
17873,377
17890,395
17907,468
17924,524
17941,520
17957,453
17974,390
17991,379
18008,439
18025,507
18041,530
18058,484
18075,411
18092,375
18109,410
18125,486
18142,529
18160,522
18177,461
18194,395
18210,377
18227,432
18244,503
18260,530
18278,487
18294,415
18311,375
18328,404
18344,480
18362,527
18378,512
18395,441
18412,383
18432,378
18448,390
18465,459
18482,520
18499,522
18515,459
18532,394
18549,377
18566,431
18583,503
18599,530
18616,488
18633,415
18650,375
18667,404
18684,459
18701,518
18718,525
18735,466
18752,398
18768,376
18785,428
18802,502
18819,531
18836,493
18852,419
18869,375
18886,400
18903,475
18920,526
18936,515
18953,446
18970,385
18987,383
19004,447
19020,513
19037,529
19054,472
19070,402
19088,374
19104,418
19121,494
19138,530
19154,501
19172,428
19188,378
19206,382
19225,386
19243,451
19259,513
19276,529
19294,479
19310,410
19328,374
19344,405
19361,474
19378,524
19395,520
19411,458
19429,397
19446,375
19463,421
19480,494
19496,530
19514,505
19530,435
19548,382
19564,385
19581,448
19598,512
19615,530
19632,482
19649,412
19666,375
19683,401
19700,471
19718,513
19735,530
19751,485
19769,415
19785,376
19803,400
19819,472
19836,523
19853,519
19870,459
19887,396
19904,376
19921,420
19938,491
19955,529
19972,509
19989,440
20008,434
20026,381
20042,386
20060,450
20076,514
20093,529
20110,481
20127,410
20144,375
20161,406
20177,477
20195,526
20211,519
20229,456
20246,408
20263,375
20281,405
20297,478
20315,526
20331,518
20348,455
20365,393
20382,376
20399,429
20416,500
20432,530
20450,501
20467,432
20484,380
20501,387
20517,453
20535,515
20551,529
20569,477
20585,410
20602,375
20619,407
20636,479
20653,527
20670,517
20686,452
20704,392
20721,377
20738,429
20755,500
20772,527
20790,518
20809,514
20826,446
20843,387
20859,381
20877,439
20893,507
20911,531
20927,489
20944,418
20961,377
20978,397
20996,466
21012,521
21029,525
21046,466
21063,400
21080,375
21097,418
21113,491
21131,530
21147,507
21165,438
21181,383
21198,385
21215,447
21232,511
21249,530
21266,485
21283,434
21301,383
21317,386
21335,449
21352,513
21368,530
21386,481
21402,411
21420,375
21436,405
21453,478
21470,526
21487,518
21504,453
21521,393
21537,377
21555,428
21571,500
21588,531
21603,450
21620,390
21637,378
21654,434
21670,505
21688,530
21704,493
21722,422
21738,376
21755,396
21772,465
21789,521
21807,530
21824,490
21840,420
21858,376
21874,398
21892,469
21908,523
21925,523
21942,461
21959,396
21977,375
21993,425
22009,497
22027,530
22044,501
22061,430
22078,380
22094,387
22112,452
22128,515
22146,528
22162,475
22179,407
22196,374
22213,409
22230,483
22247,527
22263,513
22281,446
22297,388
22315,379
22332,415
22349,487
22366,528
22385,529
22403,506
22419,436
22436,382
22453,384
22470,448
22488,512
22504,529
22521,481
22538,412
22555,375
22572,404
22589,476
22605,525
22623,520
22639,457
22657,396
22673,376
22690,424
22708,496
22724,530
22742,503
22758,433
22775,381
22792,386
22809,450
22825,513
22843,529
22860,499
22878,434
22894,381
22912,386
22928,450
22945,513
22962,529
22979,480
22996,411
23013,375
23030,405
23047,478
23064,526
23080,518
23098,454
23114,393
23132,376
23148,427
23165,499
23185,503
23202,531
23219,494
23236,423
23252,378
23270,393
23286,460
23304,519
23320,526
23337,469
23354,402
23372,376
23389,394
23406,462
23422,520
23440,526
23457,471
23474,403
23491,375
23507,414
23525,487
23541,529
23559,513
23575,445
23592,388
23609,381
23626,438
23643,504
23660,531
23677,491
23694,423
23711,377
23728,392
23745,460
23761,519
23779,526
23795,470
23813,403
23829,375
23846,413
23863,486
23880,529
23898,524
23915,469
23932,402
23949,375
23968,376
23986,427
24002,501
24018,531
24036,493
24052,419
24070,375
24086,402
24102,477
24120,527
24136,515
24154,447
24170,385
24186,383
24204,447
24220,512
24238,529
24254,480
24271,408
24288,375
24304,413
24322,490
24338,530
24355,505
24372,432
24388,379
24406,391
24423,440
24440,507
24457,530
24473,485
24491,415
24507,376
24524,403
24541,479
24558,528
24574,513
24591,443
24608,386
24625,383
24642,444
24658,511
24760,476
24778,519
24795,524
24811,464
24828,397
24855,531
24872,492
24889,421
24906,376
24923,397
24940,469
24956,524
24974,519
24990,454
25007,391
25024,378
25040,438
25058,508
25074,530
25092,486
25108,416
25125,376
25142,401
25159,475
25176,526
25193,519
25209,452
25226,390
25243,381
25260,441
25278,487
25294,530
25312,508
25328,436
25345,381
25362,389
25378,456
25396,518
25412,527
25430,468
25446,400
25462,376
25480,424
25496,499
25513,532
25530,496
25547,423
25564,377
25580,398
25597,472
25614,526
25633,528
25651,515
25667,450
25684,391
25701,379
25718,433
25736,504
25752,532
25769,497
25787,445
25803,388
25821,381
25837,441
25854,508
25872,532
25888,494
25906,426
25922,379
25939,391
25957,461
25973,517
25991,529
26007,477
26024,409
26041,376
26058,409
26075,481
26092,529
26108,517
26126,453
26143,392
26160,378
26177,429
26193,500
26211,532
26227,503
26245,433
26261,382
26278,389
26295,454
26313,505
26330,533
26347,499
26363,427
26381,380
26397,394
26415,460
26434,469
26451,523
26468,526
26485,470
26502,404
26519,378
26535,418
26553,492
26570,532
26587,514
26604,446
26620,389
26638,383
26654,441
26672,508
26688,533
26705,498
26723,429
26739,381
26757,392
26773,459
26790,519
26807,530
26824,478
26842,426
26859,379
26875,395
26893,464
26909,521
26927,529
26943,473
26960,406
26977,377
26994,411
27012,484
27028,530
27045,518
27062,453
27079,393
27096,379
27113,434
27130,503
27147,533
27164,500
27181,430
27198,382
27217,380
27234,397
27251,467
27268,524
27285,528
27301,470
27319,405
27335,379
27354,406
27370,476
27387,528
27404,526
27421,464
27438,399
27455,379
27471,428
27489,500
27506,534
27523,507
27540,438
27556,386
27574,390
27590,454
27608,518
27624,534
27641,487
27658,417
27675,381
27692,410
27709,482
27725,531
27743,522
27759,458
27777,397
27794,380
27810,431
27828,501
27844,535
27862,506
27879,455
27896,394
27913,382
27930,436
27947,507
27964,535
27980,500
27998,428
28017,422
28034,380
28051,399
28068,464
28085,524
28102,530
28119,474
28136,407
28152,380
28170,420
28186,495
28204,538
28220,520
28237,453
28254,397
28271,391
28288,451
28305,520
28322,542
28339,503
28356,432
28372,388
28390,406
28407,456
28425,522
28441,541
28459,496
28475,425
28492,385
28509,409
28526,479
28542,533
28560,529
28576,470
28594,405
28611,383
28627,426
28645,498
28661,537
28679,515
28695,446
28712,391
28729,389
28746,451
28763,516
28780,536
28800,535
28817,486
28833,416
28851,381
28867,407
28884,478
28902,528
28919,535
28936,487
28953,418
28969,380
28987,407
29004,478
29021,529
29038,524
29054,463
29072,399
29088,379
29106,427
29122,497
29139,533
29156,508
29173,441
29191,387
29207,385
29224,445
29241,511
29258,533
29275,491
29292,421
29308,378
29326,399
29343,470
29360,525
29377,526
29393,469
29411,405
29427,378
29446,402
29462,472
29479,526
29496,527
29513,468
29530,403
29547,379
29563,422
29581,495
29600,502
29618,535
29634,507
29651,439
29668,387
29685,389
29703,448
29719,514
29736,535
29753,493
29770,423
29787,381
29804,402
29820,472
29838,527
29855,528
29872,470
29889,405
29905,380
29923,422
29939,494
29957,534
29974,528
29991,470
30008,405
30025,380
30042,425
30059,497
30075,535
30093,514
30110,446
30127,390
30144,388
30160,447
30178,514
30194,536
30212,495
30228,426
30245,382
30263,400
30279,469
30297,526
30313,532
30330,476
30347,409
30364,381
30381,419
30396,528
30412,527
30430,463
30446,398
30462,382
30480,440
30497,496
30514,536
30531,509
30547,436
30565,384
30581,398
30598,469
30615,527
30631,528
30649,466
30665,400
30682,383
30699,436
30715,511
30733,537
30749,492
30766,421
30783,381
30799,410
30817,487
30833,534
30851,519
30867,448
30883,389
30901,390
30917,456
30935,521
30951,533
30967,477
30985,407
31001,381
31019,409
31036,486
31052,533
31070,520
31086,450
31102,391
31120,389
31136,455
31154,520
31173,528
31190,528
31206,465
31223,399
31240,383
31257,438
31273,511
31290,536
31307,494
31324,420
31341,381
31357,410
31374,487
31391,534
31408,518
31425,448
31441,390
31459,390
31475,457
31492,521
31509,533
31525,477
31543,422
31560,381
31577,409
31594,484
31610,533
31627,520
31644,451
31661,391
31678,389
31694,454
31711,520
31728,534
31745,480
31762,409
31778,380
31795,424
31812,499
31828,536
31846,507
31862,434
31880,384
31896,399
31912,470
31930,528
31946,528
31966,522
31983,457
32000,397
32017,383
32033,438
32052,492
32068,535
32086,518
32102,453
32119,395
32137,384
32153,439
32171,509
32187,536
32204,503
32221,432
32238,383
32254,396
32272,464
32288,523
32306,533
32322,479
32339,411
32356,381
32373,414
32391,487
32407,533
32424,523
32441,458
32458,398
32475,383
32492,434
32509,506
32526,536
32543,506
32560,435
32577,395
32594,385
32611,441
32628,509
32646,537
32662,503
32679,433
32696,385
32713,396
32730,462
32750,469
32766,527
32784,531
32800,474
32818,408
32834,381
32851,422
32868,496
32885,535
32903,520
32919,455
32936,398
32953,385
32970,438
32987,508
33004,537
33021,506
33038,437
33055,386
33072,395
33089,459
33106,509
33124,538
33140,503
33158,434
33174,385
33191,394
33209,456
33225,519
33243,536
33259,488
33276,419
33293,382
33310,406
33328,474
33344,527
33479,506
33497,442
33513,389
33530,390
33547,454
33564,517
33582,537
33598,494
33615,426
33632,384
33649,400
33669,404
33686,474
33702,529
33720,529
33736,472
33754,406
33770,381
33787,425
33805,497
33821,536
33839,518
33855,452
33872,395
33890,385
33906,439
33924,507
33940,537
33957,506
33974,435
33991,386
34009,385
34026,437
34042,507
34060,537
34077,505
34094,436
34111,386
34127,395
34145,459
34161,521
34179,536
34195,486
34212,417
34230,381
34246,412
34264,485
34280,533
34297,524
34314,461
34331,399
34348,383
34365,435
34381,506
34399,537
34415,505
34433,437
34452,430
34469,385
34486,397
34503,465
34521,511
34538,537
34554,502
34572,431
34588,384
34606,399
34622,466
34639,525
34656,533
34673,477
34691,409
34707,381
34724,418
34741,492
34758,534
34775,520
34792,454
34808,395
34826,385
34842,443
34860,512
34876,537
34893,499
34910,427
34927,383
34944,401
34961,469
34978,526
34995,532
35012,476
35028,410
35047,382
35063,400
35081,468
35097,526
35115,532
35131,475
35148,408
35165,381
35182,420
35200,493
35216,535
35233,518
35253,512
35269,444
35287,391
35303,389
35320,450
35338,516
35354,537
35372,493
35388,424
35405,382
35422,403
35439,473
35456,528
35473,531
35489,474
35507,409
35524,381
35540,418
35558,490
35575,525
35593,533
35609,479
35627,412
35644,381
35660,416
35678,489
35694,534
35712,522
35728,456
35745,397
35762,384
35779,437
35795,507
35813,537
35830,506
35847,435
35864,386
35880,394
35898,460
35914,522
35932,535
35948,485
35965,420
35982,381
35999,412
36017,483
36036,490
36052,534
36070,521
36087,479
36105,414
36122,381
36139,414
36156,487
36172,534
36190,523
36206,459
36224,398
36240,382
36257,435
36274,506
36291,536
36308,504
36325,439
36342,387
36359,393
36376,454
36392,519
36410,536
36426,490
36444,420
36461,382
36477,408
36495,480
36511,531
36529,526
36545,465
36562,402
36579,381
36596,425
36614,475
36631,526
36648,531
36665,474
36682,407
36699,381
36716,421
36732,495
36750,535
36766,518
36784,451
36801,393
36817,387
36837,392
36854,455
36871,521
36888,536
36904,484
36921,413
36938,382
36955,423
36972,498
36988,541
37006,511
37022,438
37039,386
37056,398
37072,469
37090,528
37106,531
37124,470
37153,434
37173,466
37189,525
37207,533
37223,474
37239,406
37257,382
37273,431
37291,506
37307,538
37323,503
37341,429
37357,383
37374,405
37391,477
37408,532
37425,526
37441,462
37458,398
37475,385
37492,443
37509,514
37525,537
37542,491
37559,418
37576,381
37593,415
37610,491
37637,385
37653,397
37671,446
37688,516
37704,536
37722,489
37738,417
37755,381
37772,415
37789,491
37806,536
37822,517
37839,445
37856,388
37873,393
37890,458
37907,522
37923,534
37940,480
37957,410
37974,381
37991,421
38007,498
38025,536
38041,511
38059,440
38075,386
38091,397
38109,466
38125,526
38142,532
38159,472
38176,404
38194,381
38210,411
38227,487
38244,534
38261,519
38278,449
38294,391
38311,390
38328,455
38345,520
38362,535
38379,481
38395,411
38412,381
38431,384
38449,430
38466,502
38482,537
38500,515
38516,446
38534,391
38550,389
38567,448
38584,515
38601,538
38619,496
38635,427
38652,384
38669,402
38686,471
38703,528
38721,537
38737,495
38755,426
38771,383
38789,402
38805,471
38822,527
38840,532
38856,476
38874,409
38890,381
38907,420
38924,493
38941,535
38958,521
38975,455
38992,396
39009,384
39026,437
39043,507
39060,538
39076,506
39094,437
39111,387
39128,394
39145,458
39161,522
39179,536
39195,487
39213,419
39227,395
39245,441
39262,510
39279,538
39296,505
39313,435
39329,386
39347,395
39364,460
39380,521
39398,535
39414,487
39432,418
39448,382
39465,409
39482,480
39499,531
39517,527
39533,467
39550,402
39567,381
39584,426
39601,498
39618,536
39635,516
39652,447
39669,391
39686,387
39703,446
39719,513
39737,537
39753,498
39772,445
39788,390
39805,389
39822,448
39839,515
39857,537
39873,497
39890,427
39907,383
39924,400
39941,469
39958,527
39974,532
39992,477
40011,470
40029,405
40045,382
40062,426
40079,499
40096,537
40113,515
40130,447
40146,392
40164,390
40181,449
40198,515
40215,537
40231,494
40249,424
40265,382
40284,391
40300,454
40317,518
40334,537
40351,492
40368,422
40385,382
40401,406
40419,476
40435,530
40453,528
40469,469
40486,404
40504,381
40520,430
40538,500
40554,536
40571,515
40588,446
40605,392
40622,390
40639,449
40655,516
40673,538
40689,495
40707,425
40724,383
40740,404
40758,474
40774,528
40792,531
40812,535
40828,483
40846,417
40862,382
40880,412
40896,485
40913,533
40931,526
40947,463
40965,401
40981,383
40998,429
41015,504
41032,537
41049,508
41066,440
41082,387
41100,392
41116,456
41134,520
41151,535
41167,489
41185,419
41201,382
41219,409
41235,481
41252,532
41269,527
41286,466
41303,401
41320,382
41337,414
41355,487
41371,533
41389,524
41405,460
41422,399
41439,383
41456,435
41473,506
41490,537
41507,507
41524,437
41541,387
41558,394
41575,458
41594,465
41611,525
41628,533
41646,481
41662,413
41679,381
41696,413
41713,485
41730,533
41747,525
41764,464
41781,401
41798,382
41815,430
41832,502
41849,534
41867,524
41883,461
41901,401
41917,382
41934,428
41952,497
41968,536
41986,519
42003,453
42019,396
42037,384
42053,434
42071,504
42088,537
42230,494
42249,514
42266,537
42284,498
42300,428
42317,385
42334,400
42351,468
42369,524
42385,535
42402,485
42420,419
42436,382
42454,409
42470,481
42487,531
42504,530
42524,526
42541,464
42558,403
42574,382
42592,426
42609,498
42626,536
42643,520
42660,457
42677,399
42694,385
42711,436
42728,506
42744,538
42763,525
42780,465
42797,403
42814,383
42830,428
42848,501
42864,538
42882,515
42899,447
42915,392
42933,389
42949,447
42967,514
42983,538
43000,501
43018,431
43034,385
43052,400
43068,468
43085,526
43102,535
43119,482
43136,414
43153,382
43170,415
43187,488
43204,534
43220,527
43238,464
43254,402
43272,383
43289,412
43310,417
43326,494
43342,537
43360,518
43376,446
43394,390
43410,394
43427,462
43444,524
43461,536
43478,482
43494,412
43511,382
43528,424
43545,500
43561,538
43579,512
43595,439
43612,388
43629,399
43645,468
43663,528
43679,531
43697,472
43713,405
43729,384
43747,433
43763,506
43781,538
43798,522
43815,456
43832,395
43848,389
43866,451
43882,519
43899,537
43916,488
43933,417
43950,383
43966,418
43983,495
44000,536
44017,517
44034,448
44051,391
44067,394
44084,460
44104,470
44121,528
44137,533
44154,472
44171,406
44188,383
44205,434
44222,506
44238,539
44256,506
44272,434
44289,385
44306,401
44323,450
44341,516
44357,538
44375,492
44391,420
44407,384
44425,417
44441,492
44459,537
44475,519
44492,449
44509,391
44525,393
44542,456
44559,522
44576,537
44593,484
44610,413
44626,382
44644,423
44660,500
44677,538
44694,513
44710,442
44728,388
44744,398
44761,467
44778,528
44794,534
44812,474
44828,407
44847,383
44863,410
44882,419
44900,492
44916,537
44934,524
44950,459
44967,399
44984,386
45001,439
45019,509
45035,540
45052,508
45069,437
45086,389
45103,394
45120,457
45136,521
45154,538
45171,491
45188,427
45205,384
45221,408
45239,478
45255,532
45273,531
45289,472
45306,407
45324,383
45340,425
45358,497
45375,530
45392,534
45409,477
45426,411
45444,383
45460,420
45477,493
45494,536
45511,524
45528,459
45545,400
45562,386
45579,438
45596,508
45613,539
45630,513
45646,443
45664,391
45683,388
45701,397
45717,461
45734,523
45751,537
45768,489
45786,420
45802,385
45819,413
45836,482
45853,533
45870,530
45888,494
45905,427
45922,385
45939,404
45956,473
45973,529
45989,534
46007,478
46023,411
46041,384
46058,422
46074,495
46092,537
46108,523
46126,457
46142,399
46159,387
46177,440
46193,510
46211,540
46227,509
46244,440
46261,389
46278,397
46295,461
46312,523
46329,538
46346,491
46363,422
46380,384
46397,409
46414,458
46432,519
46448,540
46469,538
46485,491
46502,421
46519,385
46536,411
46553,484
46570,534
46586,529
46604,468
46621,404
46638,385
46655,432
46671,503
46689,539
46705,516
46723,447
46739,393
46756,393
46773,454
46790,519
46808,539
46824,496
46841,426
46858,385
46875,408
46892,478
46909,532
46925,532
46944,497
46960,429
46978,386
46995,407
47011,471
47029,529
47045,536
47063,482
47079,413
47096,385
47113,422
47130,495
47148,539
47164,524
47181,457
47198,399
47215,389
47232,445
47249,513
47268,518
47285,540
47302,500
47320,430
47336,387
47353,406
47370,476
47387,531
47404,536
47421,479
47437,412
47456,387
47472,405
47490,474
47506,531
47523,536
47541,481
47557,415
47575,386
47591,423
47608,495
47625,539
47642,525
47659,459
47676,399
47692,390
47710,445
47727,514
47744,542
47761,507
47777,439
47795,389
47811,400
47828,466
47845,527
47862,539
47880,488
47896,419
47913,386
47930,420
47947,492
47964,538
47982,539
47998,491
48016,422
48032,387
48050,414
48065,526
48081,544
48099,494
48115,424
48133,387
48149,414
48166,485
48183,536
48200,532
48218,472
48234,413
48251,387
48268,431
48285,503
48302,542
48319,521
48335,454
48353,398
48370,394
48387,451
48404,519
48420,544
48438,505
48454,435
48472,389
48488,405
48506,450
48524,516
48540,543
48558,510
48574,442
48591,392
48609,400
48625,464
48643,527
48659,542
48676,495
48693,425
48710,388
48727,415
48744,486
48761,537
48778,534
48795,474
48812,410
48829,387
48848,388
48866,439
48882,509
48900,543
48916,516
48933,448
48950,395
48967,398
48984,460
49001,525
49017,542
49036,517
49053,451
49070,397
49087,395
49103,455
49121,521
49137,544
49155,503
49171,433
49188,389
49206,408
49222,477
49240,532
49256,539
49273,483
49290,416
49307,388
49324,425
49341,498
49358,541
49375,528
49392,463
49409,404
49426,390
49442,443
49460,515
49476,544
49494,513
49511,442
49527,393
49545,401
49562,442
49580,510
49596,544
49613,517
49631,449
