24,643
48,623
62,657
77,642
92,605
106,635
120,661
135,625
150,608
164,650
179,659
193,601
207,611
223,656
237,642
251,607
266,629
280,656
295,630
310,606
324,642
338,660
353,617
368,614
382,653
397,641
411,606
425,626
441,661
455,632
472,611
486,627
500,660
515,637
530,611
544,634
559,657
573,629
587,609
603,647
617,651
631,611
646,622
660,663
675,639
690,600
704,637
718,659
734,627
748,606
762,647
777,655
791,620
806,620
821,654
835,649
849,613
864,623
881,647
897,656
912,619
927,612
942,646
956,655
971,618
986,616
1000,658
1015,646
1030,616
1044,615
1059,658
1074,643
1089,606
1103,624
1118,648
1133,623
1147,600
1162,630
1177,660
1191,629
1207,608
1221,637
1235,655
1251,624
1265,605
1281,642
1295,652
1309,620
1325,612
1339,652
1353,651
1370,619
1384,609
1399,641
1414,651
1428,612
1443,614
1458,650
1473,646
1487,611
1502,629
1517,650
1531,637
1546,609
1561,630
1575,661
1591,630
1605,606
1619,633
1635,656
1652,641
1667,610
1681,624
1696,656
1711,638
1726,608
1740,634
1755,663
1770,627
1784,613
1799,635
1814,653
1829,636
1845,606
1859,633
1873,657
1889,621
1903,607
1917,639
1933,650
1947,617
1963,605
1977,648
1991,649
2007,608
2021,613
2036,653
2051,644
2065,611
2080,617
2095,652
2109,633
2124,601
2139,631
2154,657
2168,633
2183,601
2198,634
2212,657
2227,623
2242,600
2256,643
2272,650
2287,620
2301,605
2317,641
2331,651
2345,616
2361,607
2375,645
2391,654
2408,629
2422,602
2437,633
2452,655
2466,623
2481,603
2496,640
2510,656
2525,613
2540,607
2554,650
2570,648
2584,618
2598,607
2614,654
2628,644
2642,604
2658,620
2672,648
2686,634
2702,613
2716,633
2732,657
2747,619
2761,604
2777,631
2791,659
2805,632
2821,605
2835,638
2849,652
2865,615
2879,606
2893,641
2909,646
2923,611
2937,610
2953,648
2967,648
2982,607
2997,613
3011,648
3026,646
3041,604
3055,624
3070,648
3085,628
3099,603
3115,638
3129,657
3143,618
3161,613
3176,623
3191,652
3207,636
3221,600
3235,622
3251,650
3265,635
3279,609
3295,626
3309,651
3323,623
3339,596
3353,634
3367,650
3383,614
3397,600
3411,635
3427,643
3441,614
3457,607
3471,644
3485,640
3501,606
3515,612
3529,641
3545,637
3559,599
3573,621
3589,652
3603,623
3618,602
3633,629
3648,654
3663,634
3678,604
3692,635
3707,663
3722,631
3736,610
3751,648
3766,660
3780,625
3795,610
3810,653
3825,657
3840,616
3854,620
3869,647
3884,652
3898,612
3913,627
3931,648
3945,658
3959,621
3975,609
3989,641
4004,648
4019,600
4033,612
4048,650
4063,642
4077,607
4093,610
4108,647
4123,642
4137,611
4152,620
4167,654
4182,633
4196,604
4211,624
4226,654
4241,629
4255,599
4270,631
4285,651
4299,618
4315,601
4329,637
4343,649
4359,617
4373,606
4387,649
4403,648
4417,625
4431,614
4447,648
4461,640
4476,612
4491,622
4505,656
4520,643
4535,602
4550,622
4566,660
4580,638
4595,600
4610,633
4624,657
4639,632
4654,606
4668,638
4685,646
4701,646
4715,614
4730,618
4745,660
4759,635
4774,603
4789,621
4804,655
4818,634
4833,603
4848,634
4862,659
4877,625
4892,605
4907,645
4922,658
4936,619
4952,601
4966,647
4980,654
4996,618
5011,604
5026,643
5041,655
5056,617
5070,608
5085,649
5104,660
5118,647
5134,613
5148,623
5164,662
5178,640
5192,603
5208,633
5222,660
5237,635
5252,602
5266,631
5281,657
5296,631
5311,605
5325,644
5340,654
5355,620
5369,609
5385,648
5399,657
5413,620
5429,608
5446,635
5462,660
5476,642
5491,602
5506,636
5520,657
5534,628
5550,604
5564,645
5578,662
5593,612
5608,615
5622,653
5637,643
5652,611
5666,620
5681,662
5695,630
5710,604
5725,635
5739,661
5753,623
5768,603
5783,655
5797,657
5812,617
5826,610
5841,652
5856,643
5870,603
5885,629
5900,653
5915,642
5929,609
5944,628
5959,658
5974,626
5988,600
6002,637
6018,652
6032,608
6046,603
6061,650
6076,649
6090,610
6105,616
6119,658
6134,635
6149,605
6163,631
6177,651
6195,650
6210,604
6224,620
6239,655
6253,634
6268,602
6283,622
6297,655
6311,622
6327,598
6341,638
6355,655
6371,620
6386,604
6401,645
6415,650
6429,610
6445,607
6459,657
6473,643
6488,605
6503,625
6517,652
6532,630
6546,602
6561,633
6576,653
6590,615
6604,603
6619,645
6634,649
6648,604
6663,610
6677,650
6692,645
6707,599
6721,633
6735,652
6751,631
6765,600
6779,641
6795,653
6809,618
6824,603
6839,641
6854,659
6868,613
6883,605
6897,642
6913,648
6927,608
6944,602
6959,640
6973,647
6988,617
7003,607
7017,648
7032,646
7047,599
7062,612
7076,647
7091,641
7106,600
7120,618
7136,652
7150,637
7164,610
7180,623
7194,651
7208,621
7224,592
7238,628
7254,653
7268,615
7283,598
7299,627
7313,654
7327,613
7343,601
7357,636
7372,645
7387,610
7401,601
7416,636
7431,642
7445,597
7460,603
7475,646
7490,638
7504,607
7519,614
7534,644
7548,635
7564,597
7578,621
7592,650
7608,624
7622,598
7636,626
7652,646
7666,622
7682,595
7696,636
7713,648
7729,641
7744,603
7758,611
7773,647
7788,634
7802,592
7818,621
7832,652
7846,628
7862,594
7876,625
7890,654
7906,623
7920,595
7936,635
7950,642
7964,613
7980,597
7994,636
8009,646
8024,608
8038,595
8053,643
8068,632
8083,599
8097,603
8112,641
8127,636
8141,599
8156,613
8171,649
8186,636
8202,598
8216,616
8230,647
8246,619
8260,596
8274,623
8290,647
8304,614
8320,597
8334,632
8348,648
8364,612
8378,591
8392,634
8408,644
8422,612
8437,600
8452,643
8469,653
8484,623
8499,593
8513,627
8528,651
8543,614
8557,596
8572,636
8587,646
8601,610
8616,600
8631,644
8646,641
8662,610
8676,596
8690,639
8706,636
8720,605
8735,613
8750,638
8764,636
8779,599
8794,611
8808,650
8823,623
8838,592
8852,625
8867,649
8882,619
8897,600
8911,630
8926,643
8941,612
8955,594
8970,628
8985,640
8999,599
9014,614
9029,641
9043,640
9059,601
9073,611
9088,642
9103,638
9118,599
9133,613
9148,648
9162,631
9177,584
9192,615
9206,649
9224,638
9239,614
9253,602
9268,637
9283,636
9297,603
9312,608
9327,640
9341,627
9356,592
9371,620
9385,642
9401,619
9415,593
9430,622
9445,644
9459,618
9474,598
9489,635
9503,643
9519,609
9533,600
9548,633
9564,641
9578,610
9592,600
9608,635
9622,634
9636,595
9652,600
9666,635
9680,632
9696,592
9710,607
9725,641
9740,627
9754,594
9769,617
9784,644
9798,624
9814,590
9828,625
9842,641
9858,608
9872,590
9887,628
9902,640
9916,607
9931,591
9946,633
9960,637
9977,612
9993,594
10008,614
10023,647
10038,620
10052,591
10067,615
10082,640
10097,613
10112,597
10127,628
10141,642
10156,606
10171,594
10185,637
10201,633
10215,610
10229,594
10245,638
10259,641
10274,597
10289,604
10303,640
10318,631
10333,598
10348,608
10362,641
10378,626
10392,592
10406,615
10422,638
10436,620
10451,590
10467,616
10481,644
10497,621
10511,591
10526,618
10541,641
10555,611
10570,590
10585,619
10600,640
10614,614
10630,592
10644,625
10658,640
10676,621
10691,589
10705,611
10721,642
10735,622
10749,593
10765,620
10779,641
10795,613
10809,588
10824,626
10839,642
10853,608
10868,591
10883,630
10898,634
10913,605
10928,587
10943,630
10957,636
10973,604
10987,600
11001,632
11017,641
11031,591
11046,599
11061,631
11076,639
11090,597
11105,606
11120,634
11134,630
11150,589
11164,606
11179,641
11194,621
11208,590
11224,614
11238,642
11252,604
11268,588
11282,625
11297,640
11312,611
11327,592
11341,627
11356,638
11370,591
11384,598
11399,642
11413,627
11428,590
11443,608
11457,636
11472,607
11487,590
11501,624
11515,640
11531,599
11545,588
11559,630
11575,635
11589,592
11603,593
11618,632
11633,628
11648,588
11662,610
11677,647
11692,619
11706,585
11720,622
11736,636
11750,610
11764,591
11780,627
11794,638
11808,599
11824,594
11839,631
11853,636
11868,594
11883,603
11897,632
11912,624
11926,593
11941,612
11956,641
11970,616
11985,592
12000,618
12014,638
12028,603
12054,639
12070,626
12087,595
12104,588
12121,605
12138,620
12154,640
12171,623
12188,605
12205,588
12222,592
12238,620
12256,638
12272,639
12289,614
12307,596
12323,586
12340,605
12357,630
12374,646
12390,637
12407,609
12424,591
12441,594
12457,627
12474,634
12491,641
12508,618
12525,593
12541,590
12559,612
12575,631
12592,643
12609,632
12625,606
12643,589
12663,595
12681,594
12697,614
12715,636
12731,638
12747,621
12765,601
12781,584
12798,602
12815,631
12832,639
12853,638
12869,638
12887,613
12903,608
12920,588
12937,607
12954,632
12971,629
12988,622
13004,608
13022,596
13039,593
13056,613
13073,636
13089,645
13107,620
13123,603
13140,584
13157,592
13174,618
13192,634
13208,625
13225,612
13242,596
13259,586
13276,604
13293,627
13309,640
13327,637
13345,621
13362,593
13379,590
13395,600
13413,628
13429,634
13447,630
13463,605
13480,597
13497,590
13514,611
13531,633
13548,642
13564,628
13582,602
13598,589
13616,607
13635,599
13652,625
13669,638
13686,636
13703,620
13720,605
13736,586
13754,607
13770,628
13788,640
13804,628
13821,601
13839,586
13855,589
13873,606
13890,635
13906,645
13924,624
13940,608
13958,589
13974,593
13991,618
14009,637
14025,638
14043,614
14059,596
14076,578
14093,602
14110,625
14127,639
14144,626
14160,614
14178,590
14194,591
14212,606
14228,632
14245,638
14262,629
14279,601
14296,590
14313,601
14329,621
14347,633
14363,636
14381,621
14398,601
14415,588
14435,587
14451,599
14469,624
14486,640
14502,640
14519,612
14536,586
14553,589
14570,610
14586,625
14604,640
14621,632
14638,604
14655,587
14671,597
14689,618
14705,630
14723,635
14739,616
14756,595
14773,589
14790,602
14807,626
14824,637
14840,626
14858,609
14874,589
14892,588
14909,606
14926,623
14943,645
14960,639
14977,610
14994,594
15010,601
15028,615
15044,630
15062,636
15078,617
15095,603
15112,586
15129,593
15145,624
15163,638
15179,639
15197,615
15216,607
15234,591
15250,587
15267,607
15284,634
15301,647
15318,627
15335,605
15351,570
15369,591
15385,613
15403,634
15419,637
15437,627
15454,606
15471,590
15488,601
15505,623
15521,633
15539,635
15555,614
15572,596
15589,592
15606,604
15623,628
15640,636
15656,627
15674,603
15690,589
15708,599
15724,614
15741,637
15758,642
15775,616
15792,593
15809,585
15825,600
15843,628
15859,633
15877,635
15893,615
15910,592
15927,582
15944,609
15962,626
15979,638
15995,623
16015,624
16032,608
16050,591
16066,586
16083,612
16100,632
16117,639
16134,625
16151,604
16167,591
16185,599
16201,616
16219,634
16235,631
16252,621
16269,593
16286,587
16303,604
16320,625
16336,639
16354,633
16370,604
16388,588
16405,589
16421,612
16439,629
16455,640
16473,620
16490,610
16506,587
16524,593
16541,612
16558,632
16575,631
16591,621
16609,596
16625,586
16643,602
16659,628
16676,642
16693,635
16710,615
16727,586
16744,585
16760,609
16778,629
16797,631
16815,642
16831,625
16848,602
16865,590
16882,594
16899,619
16916,632
16932,635
16950,617
16966,596
16984,591
17001,597
17018,620
17035,638
17052,636
17069,617
17086,598
17102,591
17120,603
17136,623
17154,637
17170,628
17187,610
17204,586
17221,595
17238,616
17255,637
17271,638
17289,620
17306,597
17323,587
17340,596
17356,605
17374,633
17390,638
17408,619
17424,594
17441,588
17458,606
17475,626
17491,631
17509,628
17526,608
17544,588
17560,580
17577,603
17597,606
17613,629
17631,644
17647,622
17664,598
17681,582
17697,600
17715,626
17731,638
17747,630
17765,600
17781,589
17799,591
17815,615
17831,638
17849,626
17865,617
17882,593
17899,586
17915,603
17933,624
17949,638
17966,623
17983,596
17999,585
18016,601
18034,612
18051,634
18067,639
18084,615
18101,588
18118,586
18135,609
18151,619
18168,635
18185,624
18201,603
18219,584
18235,594
18252,619
18269,633
18285,634
18302,605
18319,591
18335,590
18353,615
18372,620
18388,637
18405,636
18422,609
18439,589
18456,589
18472,609
18489,630
18506,638
18523,619
18540,598
18557,586
18574,593
18590,619
18608,635
18624,629
18641,611
18658,577
18674,589
18692,610
18708,635
18725,636
18742,618
18758,593
18776,584
18792,605
18808,624
18826,637
18842,626
18860,606
18876,588
18892,588
18910,621
18926,630
18942,632
18960,610
18976,590
18994,590
19010,608
19026,632
19044,640
19060,619
19078,602
19095,585
19111,591
19128,620
19145,638
19165,637
19181,632
19198,612
19215,590
19232,587
19249,609
19266,621
19282,636
19300,621
19317,603
19334,584
19351,596
19367,616
19385,636
19401,631
19419,615
19435,596
19452,584
19469,603
19486,624
19503,641
19520,631
19536,605
19554,588
19570,592
19588,620
19605,625
19622,641
19639,629
19656,602
19673,589
19690,592
19706,611
19724,633
19740,629
19758,617
19774,592
19791,583
19808,596
19825,623
19842,636
19859,624
19875,613
19893,588
19909,586
19927,607
19943,628
19958,634
19975,609
19992,586
20008,587
20026,604
20042,631
20060,636
20076,620
20093,598
20110,585
20128,591
20145,612
20162,633
20178,637
20196,621
20212,597
20230,586
20246,596
20263,616
20280,633
20297,633
20314,615
20331,589
20347,578
20365,600
20381,621
20399,636
20415,627
20432,605
20449,585
20466,586
20483,615
20500,629
20516,631
20534,608
20550,589
20568,583
20585,595
20601,619
20619,634
20635,631
20653,614
20670,588
20686,572
20704,597
20720,622
20741,624
20757,633
20774,624
20791,601
20808,583
20825,587
20842,610
20858,632
20876,633
20892,622
20910,599
20926,584
20943,589
20960,618
20977,633
20994,633
21011,603
21027,594
21045,583
21061,601
21079,623
21095,636
21112,624
21130,607
21146,598
21164,587
21181,600
21197,630
21215,635
21231,627
21249,605
21270,613
21286,593
21304,583
21320,603
21338,620
21354,638
21371,627
21388,608
21405,589
21423,583
21439,605
21456,627
21473,637
21490,620
21507,603
21524,576
21543,583
21560,594
21577,616
21594,634
21611,631
21628,612
21645,592
21662,584
21679,594
21697,615
21713,633
21731,630
21747,608
21765,592
21781,587
21798,604
21815,625
21832,632
21849,627
21865,599
21882,577
21900,581
21916,609
21934,637
21950,637
21967,617
21984,589
22001,580
22018,592
22035,618
22051,635
22068,623
22085,604
22102,587
22119,584
22135,597
22153,622
22169,626
22187,620
22204,594
22221,587
22238,588
22255,606
22272,629
22289,630
22305,616
22325,613
22342,590
22359,582
22376,591
22392,618
22410,633
22426,632
22444,604
22461,585
22477,585
22495,603
22511,628
22529,636
22545,619
22562,601
22579,582
22596,590
22612,609
22630,620
22646,631
22664,613
22680,597
22697,580
22714,592
22732,607
22749,632
22766,628
22782,613
22800,585
22816,583
22834,598
22850,616
22867,630
22884,623
22901,602
22918,583
22935,584
22951,611
22969,622
22985,635
23003,616
23019,597
23036,579
23053,585
23070,614
23087,631
23104,628
23123,624
23141,612
23157,589
23175,577
23191,599
23208,621
23225,628
23242,625
23260,605
23277,588
23293,586
23311,603
23327,625
23345,634
23361,622
23378,599
23395,581
23412,590
23429,608
23446,629
23462,628
23480,613
23496,593
23514,582
23530,597
23547,615
23564,631
23581,627
23598,604
23615,588
23632,584
23649,599
23666,620
23683,631
23700,620
23716,598
23734,581
23750,590
23768,610
23785,633
23801,631
23819,618
23836,599
23853,585
23870,585
23886,615
23906,615
23922,627
23940,628
23956,600
23973,600
23990,588
24006,606
24024,629
24040,630
24057,615
24074,584
24090,577
24108,593
24124,621
24141,632
24158,623
24174,607
24192,584
24208,581
24224,612
24242,624
24258,631
24275,607
24293,595
24309,580
24327,597
24343,625
24359,633
24377,628
24393,602
24411,579
24427,586
24443,609
24461,629
24477,626
24494,609
24511,583
24527,585
24545,610
24561,624
24578,627
24595,618
24611,593
24629,582
24645,596
24663,612
24679,628
24706,582
24723,611
24739,633
24756,630
24773,615
24790,582
24807,578
24824,595
24841,618
24858,632
24875,625
24891,598
24908,578
24925,587
24942,610
24958,630
24975,631
24992,608
25009,593
25026,579
25042,601
25059,620
25076,634
25093,623
25110,596
25126,585
25143,588
25160,615
25177,628
25194,627
25210,607
25227,587
25244,584
25261,600
25278,628
25294,632
25311,615
25329,597
25346,586
25362,588
25379,615
25396,631
25413,626
25430,609
25446,584
25463,579
25483,586
25499,606
25517,625
25533,635
25550,618
25567,594
25584,583
25601,593
25618,617
25634,628
25652,630
25669,612
25686,581
25703,575
25719,602
25737,616
25753,632
25771,622
25787,600
25804,589
25821,583
25839,598
25856,622
25873,629
25889,628
25907,605
25923,587
25940,583
25958,604
25974,624
25992,633
26008,622
26025,594
26042,589
26059,599
26076,607
26093,624
26109,632
26127,612
26143,588
26161,585
26177,593
26194,623
26211,636
26228,630
26246,605
26262,590
26281,585
26299,585
26315,606
26333,630
26349,633
26368,624
26384,602
26401,589
26418,603
26435,608
26451,623
26469,632
26485,618
26503,592
26519,584
26536,587
26553,611
26570,632
26587,633
26604,612
26620,589
26638,585
26654,603
26672,620
26688,630
26705,629
26723,606
26739,588
26757,583
26773,603
26790,628
26807,632
26824,614
26841,595
26858,584
26874,595
26893,608
26909,622
26927,629
26943,621
26960,591
26977,581
26994,590
27011,623
27028,631
27044,627
27064,628
27081,605
27098,590
27115,591
27131,603
27149,623
27165,633
27183,618
27199,594
27216,582
27233,588
27250,615
27267,633
27284,631
27300,622
27318,582
27334,582
27352,594
27368,615
27385,630
27403,629
27420,605
27437,589
27454,580
27470,597
27488,624
27504,636
27522,620
27538,601
27555,578
27572,584
27589,612
27606,628
27623,634
27639,616
27657,595
27673,583
27691,595
27707,617
27724,626
27741,633
27758,603
27774,584
27792,586
27808,600
27826,622
27842,634
27863,633
27879,617
27896,593
27913,585
27930,592
27948,606
27964,622
27981,627
27998,618
28015,596
28032,583
28049,592
28065,615
28083,632
28099,625
28116,600
28133,590
28150,580
28167,601
28184,616
28200,628
28218,624
28234,597
28252,587
28268,590
28285,610
28302,626
28319,631
28336,616
28353,591
28369,579
28387,589
28403,614
28421,632
28437,641
28455,616
28472,588
28489,580
28506,598
28523,620
28539,634
28557,625
28573,601
28591,582
28607,585
28624,606
28641,628
28656,620
28673,600
28690,584
28706,592
28724,609
28740,635
28758,633
28774,616
28791,592
28808,579
28825,593
28841,615
28859,627
28876,633
28893,612
28910,589
28926,579
28944,599
28960,617
28979,631
28995,629
29012,610
29029,586
29046,573
29063,599
29080,626
29096,630
29114,622
29130,601
29148,584
29164,577
29181,605
29198,626
29215,630
29232,616
29249,597
29265,584
29283,585
29299,617
29317,629
29334,622
29350,609
29368,593
29384,580
29402,596
29418,618
29437,617
29455,634
29472,628
29490,604
29506,586
29523,585
29540,597
29557,628
29574,628
29591,617
29607,598
29625,588
29641,586
29659,608
29676,622
29692,632
29710,618
29726,594
29744,580
29760,581
29777,615
29795,630
29811,627
29829,610
29845,587
29867,599
29884,585
29900,588
29918,608
29934,629
29952,633
29968,617
29985,596
30002,582
30020,588
30036,605
30054,623
30071,630
30088,614
30105,595
30121,584
30139,589
30155,612
30173,632
30189,625
30206,613
30223,583
30243,590
30260,583
30277,599
30294,628
30310,624
30327,616
30344,600
30361,581
30377,593
30394,611
30411,627
30428,628
30445,603
30461,597
30478,581
30495,605
30512,626
30529,636
30546,625
30563,595
30580,578
30597,583
30613,613
30630,629
30647,625
30664,606
30681,590
30697,583
30714,605
30731,624
30747,634
30765,623
30781,588
30798,577
30815,590
30831,618
30849,636
30865,626
30882,601
30899,574
30915,583
30932,614
30949,630
30966,625
30983,612
30999,581
31019,593
31036,583
31052,604
31070,621
31087,633
31104,633
31121,596
31137,579
31154,583
31171,612
31187,633
31204,630
31221,608
31238,575
31255,576
31271,600
31288,616
31305,630
31322,617
31339,593
31355,577
31372,592
31389,618
31406,632
31423,627
31439,601
31456,577
31473,582
31490,606
31507,628
31523,626
31540,608
31557,585
31574,580
31591,595
31608,617
31625,629
31641,625
31659,603
31675,584
31692,581
31709,605
31725,630
31742,629
31759,611
31776,582
31793,579
31812,581
31830,590
31846,622
31863,636
31880,616
31897,597
31913,581
31931,583
31947,597
31965,618
31981,632
31998,613
32015,597
32032,579
32049,590
32066,614
32082,626
32101,631
32117,608
32135,597
32151,576
32168,592
32185,616
32202,633
