40,619
64,636
78,634
93,658
107,660
122,633
137,655
151,656
165,650
180,622
195,658
209,661
224,644
238,630
254,655
269,655
283,626
297,635
312,659
327,658
342,631
356,648
370,664
386,654
400,626
414,657
429,661
444,632
458,626
473,657
487,665
501,628
517,644
531,664
545,651
561,629
575,652
589,661
604,651
619,624
633,656
648,664
663,639
677,629
696,636
711,662
726,645
741,628
755,642
770,660
784,656
799,623
814,650
828,664
842,643
858,622
872,656
886,664
904,656
918,621
933,646
948,657
962,645
977,624
992,654
1007,656
1021,637
1037,626
1051,657
1067,658
1081,640
1095,627
1111,652
1125,659
1139,629
1155,636
1170,656
1184,660
1200,635
1214,624
1229,659
1244,663
1258,627
1273,640
1288,654
1303,662
1317,621
1332,647
1347,656
1361,649
1376,621
1391,649
1405,654
1421,638
1435,622
1449,656
1465,651
1479,638
1495,626
1509,651
1523,652
1539,628
1553,631
1568,659
1583,658
1597,628
1612,634
1628,657
1642,658
1657,628
1675,624
1689,648
1703,654
1719,634
1733,622
1748,645
1763,653
1777,627
1793,622
1807,638
1822,648
1837,617
1851,628
1866,647
1881,644
1896,608
1910,637
1925,645
1940,638
1954,607
1969,640
1984,646
1998,632
2014,612
2028,645
2042,642
2058,631
2073,609
2087,644
2103,648
2117,627
2131,612
2147,639
2161,645
2177,622
2191,619
2205,641
2221,640
2235,616
2250,622
2265,649
2279,642
2294,605
2309,634
2323,638
2338,637
2353,602
2368,633
2382,640
2397,624
2412,605
2429,613
2444,643
2459,642
2473,605
2488,624
2503,642
2518,630
2533,608
2548,632
2563,641
2577,638
2592,608
2607,646
2621,648
2636,631
2651,613
2665,648
2680,656
2695,633
2710,623
2724,655
2739,664
2754,642
2768,623
2783,661
2798,660
2812,625
2828,643
2842,660
2856,655
2872,628
2886,647
2900,655
2916,652
2930,623
2946,660
2960,658
2974,648
2990,617
3005,656
3019,660
3034,647
3049,627
3063,657
3079,661
3093,635
3107,646
3123,651
3137,655
3151,634
3167,638
3184,656
3198,660
3214,646
3228,623
3243,656
3258,666
3272,633
3287,629
3302,664
3316,664
3332,638
3346,637
3360,658
3376,662
3390,616
3404,642
3420,644
3435,660
3449,621
3465,643
3479,655
3493,643
3509,619
3523,647
3538,656
3553,646
3567,626
3582,654
3597,661
3612,648
3627,637
3641,660
3656,681
3671,653
3686,651
3700,681
3715,675
3730,646
3744,639
3759,643
3774,638
3788,593
3803,617
3818,622
3832,615
3848,585
3862,618
3876,628
3893,622
3907,594
3921,622
3939,626
3954,631
3969,592
3983,615
3998,633
4013,637
4028,610
4042,630
4058,638
4072,636
4086,606
4102,634
4116,641
4131,631
4146,600
4160,636
4175,646
4190,626
4204,607
4219,644
4234,643
4249,627
4263,619
4278,636
4293,642
4307,616
4323,624
4337,646
4353,642
4368,616
4382,620
4397,641
4412,644
4426,608
4441,632
4456,646
4470,638
4486,608
4500,639
4514,649
4530,635
4544,612
4559,642
4574,650
4588,632
4603,615
4618,651
4633,653
4647,627
4662,621
4677,648
4691,650
4709,644
4723,620
4739,648
4753,650
4768,639
4783,624
4798,645
4813,655
4828,641
4842,619
4857,648
4872,650
4887,630
4901,626
4916,644
4931,657
4945,617
4961,622
4975,650
4989,644
5005,623
5019,634
5035,644
5049,653
5063,614
5079,635
5093,644
5108,643
5123,613
5137,639
5152,648
5167,638
5181,617
5196,647
5211,650
5226,635
5240,633
5256,730
5271,755
5285,777
5300,816
5315,891
5329,895
5344,875
5359,866
5373,862
5389,844
5403,788
5417,767
5433,738
5447,701
5465,636
5479,609
5494,641
5509,648
5523,634
5537,611
5553,625
5567,620
5581,581
5596,606
5611,622
5625,604
5640,574
5654,614
5669,616
5684,595
5698,583
5713,605
5729,613
5743,588
5757,581
5772,606
5787,611
5801,574
5816,596
5830,611
5846,604
5860,573
5874,599
5889,610
5904,604
5918,582
5933,614
5947,619
5962,595
5977,591
5991,620
6005,621
6021,608
6035,653
6049,662
6064,695
6079,718
6093,814
6108,850
6122,868
6137,859
6152,895
6167,888
6181,858
6196,837
6213,840
6227,825
6243,762
6257,697
6272,666
6286,609
6301,556
6316,553
6330,590
6344,575
6360,531
6374,549
6388,565
6403,562
6418,531
6432,559
6447,572
6461,551
6476,534
6491,562
6505,566
6519,532
6535,538
6549,558
6563,559
6578,532
6593,555
6607,563
6623,561
6637,523
6652,558
6667,567
6681,553
6695,543
6711,563
6725,569
6739,542
6754,547
6769,568
6784,569
6798,542
6812,581
6828,628
6842,658
6856,659
6871,746
6886,785
6900,782
6915,757
6929,778
6944,769
6961,741
6976,679
6990,680
7006,633
7020,581
7034,536
7050,569
7065,585
7079,557
7095,538
7109,572
7123,566
7139,549
7153,536
7169,552
7183,568
7197,536
7213,521
7227,558
7241,552
7257,525
7271,548
7286,555
7301,560
7315,525
7330,551
7345,564
7360,565
7374,526
7389,559
7404,566
7418,553
7434,532
7448,563
7462,561
7478,550
7492,540
7506,576
7523,578
7537,558
7552,544
7567,577
7581,586
7597,555
7611,558
7625,585
7641,583
7655,557
7670,598
7685,639
7699,660
7716,676
7732,700
7746,784
7760,800
7776,797
7790,803
7805,832
7820,836
7835,798
7849,794
7864,797
7879,764
7894,696
7909,677
7923,639
7938,595
7953,524
7967,538
7983,596
7998,570
8012,528
8028,578
8042,568
8056,563
8072,542
8086,563
8101,576
8116,554
8130,534
8145,566
8160,567
8175,551
8194,543
8209,543
8223,564
8239,565
8253,530
8267,544
8283,563
8297,572
8312,533
8327,549
8342,566
8356,564
8372,532
8386,556
8400,565
8416,560
8430,527
8445,554
8461,567
8475,557
8493,550
8508,534
8522,560
8538,565
8552,548
8567,544
8582,564
8596,563
8611,536
8626,548
8640,568
8655,561
8670,530
8685,554
8699,556
8714,557
8729,525
8743,557
8758,564
8773,544
8787,533
8803,565
8817,564
8832,537
8847,532
8861,557
8876,563
8892,539
8906,537
8921,560
8936,564
8950,532
8965,547
8980,567
8994,564
9010,528
9024,552
9038,564
9054,558
9068,528
9083,556
9098,566
9112,552
9127,533
9142,563
9156,563
9171,542
9186,531
9201,561
9216,569
9230,538
9247,525
9263,561
9277,566
9292,555
9307,533
9321,554
9336,563
9352,553
9366,536
9380,564
9396,569
9410,547
9425,536
9440,566
9454,570
9469,538
9484,552
9499,567
9513,566
9528,538
9543,564
9558,569
9572,568
9587,532
9602,563
9616,569
9631,565
9646,535
9661,564
9675,572
9690,559
9705,539
9719,568
9734,576
9749,548
9763,547
9779,577
9793,570
9808,548
9823,548
9838,571
9852,568
9868,541
9882,555
9896,577
9912,574
9926,545
9940,559
9956,571
9970,569
9986,541
10003,548
10017,574
10032,572
10047,553
10061,552
10077,575
10091,577
10106,548
10121,560
10135,576
10150,575
10165,540
10180,567
10194,583
10210,572
10224,544
10238,569
10255,580
10269,575
10284,539
10299,569
10313,580
10329,567
10343,539
10358,575
10373,582
10387,563
10402,548
10417,575
10432,583
10446,551
10462,534
10476,578
10490,576
10506,552
10520,558
10535,579
10550,575
10565,548
10579,561
10594,583
10609,582
10624,552
10639,568
10653,583
10669,575
10683,543
10700,552
10716,579
10731,590
10745,559
10761,543
10775,571
10789,590
10805,560
10819,555
10834,580
10849,582
10864,552
10878,564
10894,582
10908,584
10923,550
10938,568
10952,579
10968,576
10982,545
10997,575
11012,588
11026,573
11041,543
11056,580
11071,585
11085,576
11101,548
11115,578
11130,577
11145,568
11160,549
11175,580
11190,585
11205,563
11219,545
11234,579
11249,589
11264,564
11279,553
11293,583
11309,584
11323,557
11338,550
11353,583
11367,590
11384,577
11400,553
11414,581
11428,583
11444,572
11458,552
11472,584
11487,590
11502,560
11516,561
11531,588
11546,587
11560,549
11575,576
11590,588
11604,586
11628,587
11642,565
11657,549
11672,581
11686,591
11701,567
11716,569
11730,590
11745,586
11759,557
11774,574
11789,586
11803,581
11819,551
11833,582
11847,588
11863,574
11877,557
11891,583
11906,592
11921,563
11935,559
11950,602
11965,589
11979,554
11994,574
12008,592
12023,589
12038,550
12052,586
12067,591
12093,580
12109,584
12127,591
12143,589
12160,558
12177,558
12193,572
12210,587
12227,590
12243,589
12261,578
12277,555
12294,570
12311,586
12327,591
12345,597
12361,583
12378,562
12395,559
12411,582
12429,584
12445,592
12462,589
12479,567
12495,555
12512,575
12529,590
12546,592
12563,595
12579,575
12597,562
12614,556
12631,586
12648,593
12664,594
12681,591
12698,568
12715,562
12731,574
12748,586
12765,592
12782,596
12798,583
12815,556
12832,562
12849,587
12868,589
12886,591
12902,596
12919,582
12936,564
12953,561
12969,585
12987,594
13003,596
13021,594
13037,572
13054,553
13071,566
13088,589
13106,594
13123,596
13139,594
13157,579
13173,558
13191,564
13208,594
13224,589
13242,594
13258,591
13276,565
13292,560
13309,582
13326,591
13343,596
13360,603
13377,584
13393,567
13411,572
13427,599
13445,598
13461,602
13478,595
13495,582
13512,560
13529,571
13546,587
13562,596
13580,595
13596,588
13614,560
13631,557
13648,579
13668,578
13684,597
13702,601
13718,594
13735,586
13753,563
13769,570
13787,594
13803,594
13820,596
13837,590
13854,562
13871,561
13888,576
13904,592
13922,598
13938,594
13956,592
13972,569
13989,562
14006,589
14023,601
14040,597
14057,596
14073,580
14091,565
14107,572
14125,594
14141,597
14159,600
14176,599
14193,590
14210,556
14227,569
14243,586
14261,597
14277,589
14295,595
14311,580
14328,565
14345,582
14362,600
14380,602
14396,595
14413,590
14430,569
14449,558
14467,570
14483,599
14500,594
14517,599
14534,592
14551,574
14568,567
14584,583
14602,597
14618,595
14636,595
14652,588
14669,568
14687,565
14703,587
14721,594
14738,605
14754,602
14772,588
14788,569
14806,574
14822,598
14839,601
14856,603
14873,600
14889,576
14907,563
14923,581
14941,597
14957,599
14974,601
14991,591
15008,568
15025,562
15042,589
15058,602
15076,601
15092,605
15110,586
15126,570
15143,579
15160,599
15177,598
15195,609
15211,599
15228,571
15248,571
15264,573
15282,589
15299,602
15315,597
15332,602
15349,592
15367,564
15383,570
15399,591
15417,602
15434,605
15451,597
15468,584
15484,569
15502,581
15518,599
15536,605
15552,604
15569,593
15586,576
15603,574
15620,593
15637,598
15653,604
15670,608
15687,579
15704,568
15722,569
15738,599
15756,598
15772,606
15790,602
15807,582
15823,561
15841,582
15857,601
15875,606
15891,608
15908,591
15925,579
15942,569
15959,593
15976,606
15992,606
16010,607
16029,605
16046,597
16063,570
16080,585
16097,606
16114,605
16131,609
16148,596
16164,573
16182,572
16199,585
16216,603
16238,594
16254,602
16272,605
16288,608
16306,590
16322,566
16339,564
16356,602
16373,605
16390,611
16407,602
16424,588
16441,568
16458,586
16475,600
16492,599
16508,609
16526,600
16542,576
16560,571
16576,595
16593,599
16611,608
16627,605
16645,592
16661,573
16678,573
16696,598
16712,610
16730,611
16746,606
16763,592
16781,575
16797,581
16815,600
16834,599
16851,604
16868,608
16885,601
16902,574
16919,566
16935,587
16953,596
16969,607
16987,610
17003,598
17020,575
17037,574
17054,596
17071,610
17088,609
17104,610
17122,591
17139,575
17156,582
17173,602
17189,606
17207,609
17223,605
17241,566
17257,575
17274,590
17292,602
17309,606
17326,608
17343,603
17359,580
17377,573
17393,598
17411,599
17427,613
17444,608
17461,592
17478,570
17495,576
17512,601
17528,607
17546,616
17562,603
17580,590
17596,575
17613,589
17628,610
17645,612
17661,607
17679,583
17695,576
17712,598
17729,617
17745,616
17763,610
17779,592
17796,576
17813,578
17830,608
17847,608
17864,610
17881,604
17897,582
17914,574
17931,600
17948,606
17965,612
17981,612
17998,601
18015,577
18032,589
18049,611
18065,608
18082,613
18099,599
18116,572
18132,584
18149,603
18166,607
18183,616
18200,607
18216,579
18233,578
18250,596
18267,611
18284,609
18300,610
18317,590
18334,576
18352,588
18368,609
18385,610
18404,613
18421,616
18438,602
18455,574
18471,581
18488,605
18505,614
18522,611
18539,607
18555,584
18572,577
18589,596
18606,606
18623,607
18639,611
18656,596
18673,577
18690,588
18707,603
18723,610
18740,618
18757,612
18774,580
18790,576
18807,603
18824,607
18841,614
18859,609
18875,593
18892,574
18909,582
18925,606
18942,613
18959,612
18975,598
18993,580
19009,580
19026,606
19043,605
19059,615
19077,613
19093,590
19110,578
19127,589
19143,604
19161,614
19177,613
19196,615
19214,595
19230,575
19248,582
19264,601
19281,608
19298,611
19315,608
19332,595
19349,574
19366,590
19384,604
19400,609
19418,611
19434,604
19451,579
19468,586
19485,598
19502,623
19519,618
19536,608
19553,601
19570,577
19587,576
19604,600
19620,602
19638,618
19654,611
19672,593
19688,582
19705,584
19722,608
19739,611
19756,612
19773,604
19789,581
19807,573
19824,598
19841,612
19858,611
19874,616
19892,606
19909,591
19926,576
19943,600
19960,612
19980,612
19996,618
20014,612
20030,599
20047,576
20064,585
20081,612
20099,616
20115,618
20132,611
20149,585
20166,578
20183,590
20200,610
20216,614
20234,610
20250,605
20268,584
20284,575
20301,606
20318,621
20335,613
20353,609
20369,598
20386,574
20403,593
20420,607
20438,618
20454,621
20471,616
20488,597
20505,576
20523,586
20539,612
20556,613
20573,618
20590,608
20606,590
20624,576
20640,598
20658,610
20674,616
20691,613
20708,610
20725,581
20742,582
20759,608
20779,608
20795,615
20812,616
20829,614
20846,594
20862,578
20880,597
20896,612
20914,621
20931,616
20948,610
20965,588
20982,588
20999,597
21016,612
21032,620
21050,621
21066,604
21084,582
21100,583
21117,608
21134,614
21151,615
21169,614
21185,598
21202,574
21219,586
21236,608
21253,618
21270,619
21286,608
21304,596
21320,582
21338,605
21354,613
21371,627
21388,616
21405,602
21422,577
21439,583
21456,602
21473,618
21490,621
21507,620
21524,600
21540,579
21561,577
21577,593
21595,609
21611,614
21628,618
21645,612
21662,586
21679,584
21696,601
21712,613
21730,629
21746,619
21764,604
21780,580
21797,583
21814,615
21831,616
21848,618
21865,612
21881,593
21899,582
21915,599
21933,618
21949,620
21966,613
21984,613
22000,599
22018,582
22034,595
22051,611
22068,620
22085,617
22102,602
22119,587
22135,583
22153,612
22169,625
22187,621
22203,618
22220,584
22237,580
22254,595
22270,611
22288,615
22304,625
22322,610
22338,589
22359,585
22375,583
22392,610
22409,617
22426,619
22443,618
22460,602
22476,580
22495,588
22511,611
22529,610
22545,618
22562,614
22579,590
22596,584
22612,584
22630,613
22646,615
22664,617
22680,606
22697,588
22714,582
22731,605
22748,621
22765,617
22781,618
22799,607
22815,587
22833,586
22849,610
22866,619
22883,623
22900,621
22917,591
22934,585
22951,598
22968,619
22985,617
23002,620
23019,618
23036,592
23053,582
23070,600
23087,616
23104,622
23120,624
23141,617
23157,604
23175,588
23191,590
23208,610
23225,618
23242,620
23259,619
23276,604
23292,584
23310,596
23326,607
23344,616
23360,615
23377,614
23394,591
23411,580
23429,604
23445,624
23462,623
23479,621
23496,602
23513,586
23530,592
23547,613
23564,619
23581,621
23599,621
23615,600
23632,589
23649,589
23666,613
23683,617
23700,621
23716,625
23734,601
23750,579
23768,600
23784,618
23801,620
23818,614
23835,608
23852,593
23869,584
23885,605
23903,622
23919,621
23940,624
23956,618
23972,601
23990,581
24006,597
24023,615
24040,621
24057,624
24074,614
24091,593
24108,587
24125,608
24141,620
24158,619
24175,623
24192,607
24208,580
24225,599
24242,615
24259,616
24275,621
24292,607
24309,591
24326,587
24343,611
24359,621
24376,622
24393,614
24410,593
24427,583
24443,608
24460,614
24477,619
24494,622
24511,597
24527,583
24544,590
24561,618
24579,616
24595,616
24612,614
24629,594
24646,579
24663,606
24680,616
24696,623
24723,596
24740,611
24757,619
24774,626
24791,615
24808,595
24828,595
24846,581
24862,599
24880,622
24896,618
24912,617
24930,607
24946,589
24964,592
24980,612
24997,615
25014,624
25031,619
25048,598
25064,584
25081,600
25099,620
25115,626
25133,622
25149,616
25166,597
25183,587
25200,612
25217,613
25234,622
25250,614
25268,602
25284,585
25300,592
25318,615
25334,623
25352,629
25368,612
25384,590
25402,589
25418,611
25436,620
25452,624
25469,622
25486,606
25502,581
25522,583
25539,601
25556,615
25573,624
25590,627
25608,621
25624,594
25641,586
25659,607
25675,615
25693,622
25709,622
25726,612
25743,593
25760,589
25777,613
25794,621
25810,622
25828,623
25845,610
25862,584
25879,586
25895,612
25913,622
25929,622
25947,625
25963,598
25980,590
25997,604
26014,623
26031,620
26048,624
26065,612
26082,582
26099,589
26116,606
26134,622
26150,618
26168,625
26184,616
26202,596
26218,591
26235,605
26252,618
26269,626
26286,623
26303,611
26317,590
26335,610
26351,625
26369,618
26386,624
26402,607
26420,590
26436,588
26454,620
26470,618
26487,622
26504,622
26521,607
26537,585
26555,598
26572,615
26589,618
26606,620
26622,609
26640,592
26657,589
26675,595
26691,619
26708,622
26725,621
26742,621
26759,596
26776,586
26792,607
26810,619
26826,624
26844,624
26861,613
26877,596
26895,591
26911,614
26929,624
26945,624
26962,622
26979,612
26996,591
27013,595
27030,616
27047,621
27064,624
27081,618
27101,620
27117,594
27134,591
27151,603
27168,615
27186,622
27203,625
27219,614
27237,593
27253,594
27271,609
27287,625
27304,628
27321,618
27338,615
27355,589
27372,594
27388,616
27406,622
27422,627
27440,627
27457,610
27473,590
27491,594
27507,618
27525,616
27541,624
27558,616
27575,597
27592,590
27609,610
27626,627
27642,624
27660,630
27676,609
27694,589
27711,588
27728,610
27745,622
27762,624
27779,625
27796,616
27812,586
27830,601
27846,616
27864,621
27880,627
27900,621
27917,622
27934,596
27951,586
27968,599
27984,620
28002,630
28018,627
28036,612
28052,596
28069,590
28087,615
28103,622
28121,623
28137,623
28154,613
28171,595
28188,590
28205,614
28223,631
28239,627
28257,625
28273,614
28291,586
28307,594
28324,619
28341,621
28358,630
28375,621
28392,607
28408,592
28426,599
28442,621
28460,625
28477,629
28493,620
28511,601
28527,590
28545,608
28561,624
28578,621
28595,619
28612,609
28628,595
28646,585
28662,615
28683,615
28699,622
28717,630
28733,622
28751,609
28768,594
28785,591
28802,617
28819,622
28835,626
28853,622
28869,599
28887,590
28903,599
28920,620
28937,627
28954,629
28971,623
28988,592
29005,591
29022,606
29039,624
29056,632
29073,627
29089,613
29107,594
29124,593
29140,616
29158,620
29174,622
29192,624
29208,612
29225,588
29242,589
29259,620
29277,628
29294,627
29310,624
29328,613
29344,588
29362,596
29379,621
29395,625
29413,628
29429,622
29447,598
29463,589
29483,586
29500,608
29516,620
29534,632
29551,626
29568,615
29585,597
29601,591
29619,613
29635,631
29652,631
29669,625
29686,614
29703,591
29720,597
29737,617
29754,623
29771,626
29789,627
29805,607
29822,593
29840,602
29856,615
29874,622
29890,624
29907,622
29924,599
29941,588
29958,606
29975,621
29991,625
30009,629
30025,619
30043,597
30059,598
30076,612
30094,617
30110,619
30128,624
30144,617
30161,592
30178,593
30195,615
30212,622
30229,625
30245,629
30265,624
30282,601
30299,589
30316,599
30333,621
30350,619
30367,626
30384,619
30401,601
30417,589
30434,613
30451,619
30468,626
30485,623
30501,604
30518,587
30535,599
30552,623
30569,625
30585,629
30602,614
30619,593
30636,585
30653,620
30669,630
30687,626
30703,625
30720,603
30737,592
30753,602
30771,618
30787,627
30803,628
30821,613
30838,598
30855,586
30872,614
30888,628
30906,624
30922,624
30939,601
30956,589
30972,602
30990,624
31006,622
31023,622
31040,615
31059,618
31076,595
31093,592
31110,616
31126,628
31143,625
31160,617
31177,597
31194,595
31210,605
31227,623
31244,627
31261,626
31278,598
31294,588
31311,603
31328,614
31345,621
31363,627
31379,623
31396,603
31413,582
31429,604
31447,618
31463,621
31480,630
31497,608
31513,590
31531,599
31547,617
31564,624
31581,629
31598,617
31614,599
31631,589
31648,613
31665,618
31682,625
31698,619
31715,597
31732,588
31749,594
31766,621
31782,623
31799,629
31816,616
31836,609
31852,591
31870,589
31887,605
31904,616
31921,620
31938,621
31954,606
31972,589
31988,593
32006,612
32022,617
32039,625
32057,622
32073,605
32091,589
32107,593
32124,619
32141,624
32158,626
32175,616
32192,600
32208,588
32226,600
32242,624
32260,622
32277,627
32293,613
32311,589
32327,589
32345,613
32361,616
32378,625
32396,622
32413,616
32430,589
32447,593
32463,617
32481,626
32497,627
32515,626
32531,612
32548,591
32565,597
32582,613
32600,620
32616,623
32635,624
32653,618
32669,605
32687,588
32703,600
32720,626
32737,621
32754,625
32772,613
32788,595
32805,591
32822,607
32839,627
32856,622
32873,624
32889,609
32907,590
32924,591
32942,607
32958,620
32975,624
32992,628
33009,616
33026,588
33043,592
33060,614
33077,615
33094,625
33111,623
33128,596
33144,588
33162,601
33178,618
33196,625
33213,628
33229,622
33247,594
33263,583
33281,598
33298,623
33314,637
33332,624
33348,625
33366,597
33383,585
33399,601
33419,608
33441,593
33458,617
33475,626
33491,625
33509,620
33526,609
33543,586
33560,591
33576,616
33594,620
33610,626
33628,622
33645,599
33661,590
33679,604
33695,621
33713,617
33729,621
33746,617
33763,590
33780,590
33798,606
33814,616
33831,622
33848,624
33865,610
33883,592
33899,588
33916,603
33933,620
33950,625
33968,615
33985,613
34001,594
34019,585
34035,611
34053,627
34069,628
34086,616
34103,607
34120,591
34137,590
34154,613
34170,620
34188,621
34204,616
34225,614
34241,596
34258,586
34275,598
34292,619
34309,621
34326,622
34342,611
34360,589
34376,590
34394,609
34410,619
34427,615
34444,620
34461,608
34478,592
34496,584
34512,612
34530,613
34546,609
34564,621
34580,600
34597,586
34614,592
34631,610
34648,620
34665,623
34682,621
34699,597
34716,587
34733,602
34750,620
34766,617
34784,623
34800,610
34818,588
34834,585
34851,610
34868,623
34885,620
34902,628
34919,602
34935,588
34953,590
34970,608
34987,620
35004,624
35019,617
35036,599
35053,586
35069,608
35087,623
35103,622
35121,619
35138,610
35154,583
35172,594
35188,615
35206,623
35222,626
35239,618
35256,601
35273,587
35291,596
35307,621
35324,613
35341,623
35358,616
35375,601
35392,582
35408,607
35426,620
35442,627
35460,618
35477,614
35493,588
35511,583
35527,611
35546,619
35562,623
35579,622
35596,613
35613,591
35630,586
35647,616
35663,617
35681,631
35697,623
35715,604
35731,585
35748,586
35766,621
35782,622
35802,623
35819,626
35835,619
35853,601
35870,587
35887,596
35904,621
35920,614
35938,626
35954,614
35972,594
35988,587
36005,606
36022,616
36039,624
36057,607
36074,614
36090,599
36108,587
36124,607
36142,625
36158,628
36175,619
36193,611
36209,588
36227,588
36243,616
36260,617
36277,626
36294,619
36311,607
36328,586
36345,591
36362,622
36379,626
36396,619
36413,617
36429,600
36447,586
36463,599
36481,615
36497,624
36514,622
36531,612
36548,595
36566,599
36583,601
36602,602
36619,622
36636,621
36653,619
36669,610
36686,592
36703,596
36720,618
36737,622
36754,626
36770,619
36787,596
36804,589
36820,611
36838,624
36854,624
36872,622
36888,605
36904,585
36922,603
36938,621
36956,620
36972,622
36988,617
37006,586
37022,593
37040,611
37056,623
37072,624
37090,624
37107,607
37124,589
37141,589
37157,618
37175,627
37191,617
37208,619
37225,593
37241,590
37259,613
37275,624
37293,628
37309,621
37325,607
37343,589
37359,599
37386,611
37403,587
37420,588
37437,614
37453,630
37471,631
37487,614
37504,610
37521,582
37537,607
37555,620
37571,624
37588,621
37606,615
37622,593
37640,590
37656,610
37673,617
37690,622
37706,621
37724,605
37740,590
37757,600
37774,621
37791,622
37808,630
37824,613
37841,589
37858,589
37875,609
37892,618
37909,621
37925,623
37942,607
37959,586
37976,598
37993,623
38009,619
38027,628
38043,616
38060,592
38077,591
38093,612
38111,622
38128,625
38145,623
38162,609
38181,610
38198,590
38215,593
38232,621
38249,626
38266,625
38283,618
38300,600
38317,584
38334,598
38350,620
38368,621
38384,624
38402,612
38419,596
38435,593
38453,607
38469,620
38487,625
38503,627
38520,611
38538,593
38554,589
38572,611
38588,615
38605,623
38622,623
38639,602
38657,591
38674,588
38690,611
38708,623
38724,626
38742,624
38759,613
38775,592
38793,598
38809,616
38827,622
38843,621
38860,624
38877,605
38894,587
38910,599
38928,619
38945,624
38965,625
38981,624
38999,620
39016,596
39032,587
39050,604
39066,616
39084,623
39100,629
39117,610
39134,594
39151,590
39169,605
39186,620
39202,623
39220,630
39237,615
39254,589
39271,592
39287,609
39305,619
39321,625
39339,627
39355,610
39372,588
39390,591
39406,619
39424,620
39440,624
39457,622
39474,606
39491,589
39507,595
39525,618
39542,622
39559,622
39576,623
39592,600
39610,585
39626,602
39644,617
39660,621
39677,628
39695,620
39712,596
39729,586
39746,605
39766,607
39783,622
39799,631
39817,628
39833,609
39851,593
39867,593
39884,613
39901,615
39918,630
39936,629
39952,609
39969,587
39986,593
40003,618
40019,620
40037,620
40053,624
40071,606
40087,587
40104,599
40121,621
40138,625
40155,617
40172,621
40189,599
40206,592
40223,609
40241,621
40257,619
40274,628
40292,618
40308,592
40326,586
40342,610
40359,624
40376,623
40393,627
40410,606
40427,591
40443,596
40461,615
40477,624
40495,622
40512,625
40528,600
40548,596
40565,587
40582,604
40599,623
40615,624
40633,628
40649,616
40667,597
40683,589
40700,607
40718,621
40735,625
40752,626
40769,616
40785,604
40803,587
40820,612
40837,622
40854,623
40870,622
40888,611
40904,587
40922,586
40938,613
40955,621
40972,622
40989,627
41006,607
41023,592
41040,603
41057,620
41074,618
41091,628
41108,620
41124,599
41142,596
41158,608
41176,622
41192,633
41209,621
41226,616
41243,590
41261,589
41278,607
41294,619
41312,625
41328,627
41349,622
41365,618
41382,591
41399,594
41416,616
41433,629
41450,625
41466,624
41484,605
41501,588
41518,600
41535,617
41551,625
41569,627
41585,622
41603,603
41620,588
41636,607
41654,621
41670,617
41688,623
41704,622
41721,607
41738,592
41755,608
41773,624
41790,619
41806,635
41824,618
41841,602
41858,588
41875,608
41892,625
41909,623
41926,629
41943,620
41960,592
41976,590
41994,608
42011,623
42028,623
42049,621
42066,626
42083,626
42100,602
42117,591
42137,591
42153,602
42171,625
42187,623
42205,628
42222,622
42238,601
42256,590
42272,608
42290,620
42307,622
42324,623
42341,622
42358,602
42376,589
42392,610
42409,628
42426,627
42443,630
42461,619
42477,609
42494,591
42511,607
42528,619
42546,624
42562,630
42579,615
42596,595
42613,594
42630,616
42647,620
42663,627
42681,628
42698,610
42715,588
42732,591
42748,621
42766,626
42782,629
42800,626
42817,615
42834,588
42851,599
42868,618
42885,621
42902,626
42919,627
42939,624
42955,612
42972,590
42989,609
43005,623
43023,630
43039,628
43057,616
43073,594
43089,594
43107,620
43123,627
43141,624
43157,616
43174,596
43191,591
43207,608
43225,621
43241,622
43258,624
43275,613
43292,595
43309,597
43325,619
43342,622
43360,624
43377,623
43394,601
43410,592
43427,605
43444,626
43461,626
43478,628
43495,618
43511,595
43528,592
43545,618
43561,627
43579,622
43595,630
43612,602
43629,590
43645,605
43663,623
43679,630
43697,627
43713,612
43727,597
43745,603
43761,616
43779,628
43795,626
43811,606
43829,592
43845,603
43863,614
43880,623
43896,621
43914,623
43930,605
43948,590
43964,608
43980,616
43998,631
44014,623
44032,612
44048,594
44065,594
44082,623
44098,630
44115,623
44132,624
44149,601
44166,590
44183,608
44199,624
44216,632
44233,625
44250,611
44267,592
44283,599
44301,622
44317,621
44334,629
44351,625
44367,597
44385,591
44402,600
44419,627
44436,635
44452,624
44470,619
44486,593
44506,593
44523,594
44539,616
44557,630
44573,622
44591,628
44608,605
44624,595
44642,591
44658,623
44676,631
44692,623
44709,625
44726,606
44743,590
44760,605
44777,618
44794,631
44811,625
44828,623
44845,606
44862,589
44878,612
44896,625
44913,630
44931,635
44947,624
44964,602
44981,593
44998,610
45016,630
45032,628
45049,621
45066,616
45083,601
45100,593
45117,618
45134,626
45151,632
45168,631
45185,611
45202,594
45218,592
45236,619
45252,628
45270,627
45287,629
45306,626
45323,606
45340,588
45358,599
45374,620
45391,627
45408,634
45425,621
45443,607
45460,589
45476,604
45494,619
45510,626
45528,623
45545,624
45561,604
45579,594
45595,609
45613,622
45629,630
45646,627
45664,623
45680,601
45698,591
45714,609
45731,620
45748,622
45765,629
45782,615
45799,592
45816,592
45833,616
45850,619
45867,639
45884,618
45901,607
45918,594
45935,591
45952,616
45970,624
45986,630
46004,629
46020,615
46038,594
46054,593
46071,616
46091,619
46108,628
46125,628
46142,623
46158,598
46176,591
46192,606
46210,621
46227,623
46243,621
46261,619
46277,597
46295,584
46311,615
46328,617
46345,625
46362,625
46379,611
46396,595
46412,593
46430,618
46447,623
46464,630
46482,621
46498,616
46516,597
46532,587
46550,618
46566,621
46583,631
46600,624
46617,610
46633,589
46651,600
46667,615
46685,625
46702,623
46718,628
46736,597
46752,589
46770,605
46786,622
46803,627
46820,620
46837,618
46855,600
46871,595
46891,594
46908,617
46924,621
46942,622
46958,624
46976,611
46993,591
47010,591
47027,611
47044,624
47062,627
47078,627
47095,617
47112,596
47129,590
47145,615
47163,628
47179,627
47197,619
47213,606
47230,585
47248,602
47264,622
47282,620
47298,627
47315,624
47332,603
47349,589
47366,605
47383,622
47400,630
47417,623
47434,617
47451,592
47468,591
47484,614
47502,615
47518,628
47537,625
47553,614
47570,592
47587,594
47604,611
47621,632
47638,633
47655,627
47675,620
47691,613
47709,590
47725,594
47742,621
47759,624
47776,618
47794,621
47810,614
47827,589
47844,601
47861,620
47878,617
47895,623
47912,619
47929,586
47946,589
47963,607
47980,621
47996,622
48014,629
48030,616
48049,597
48065,585
48082,606
48099,621
48116,625
48134,630
48150,619
48167,595
48184,604
48201,612
48218,618
48235,618
48251,625
48269,610
48285,593
48303,596
48320,621
48336,626
48354,634
48370,623
48388,609
48404,596
48421,600
48438,617
48455,626
48475,624
48492,630
48508,623
48526,593
48542,592
48560,602
48577,621
48594,622
48611,622
48628,619
48646,595
48662,587
48679,605
48696,618
48713,623
48730,620
48747,615
48763,596
48781,590
48797,612
48815,623
48832,625
48848,616
48866,609
48882,594
48900,597
48916,623
48933,622
48950,622
48967,627
48985,603
49001,591
49018,601
49035,619
49052,623
49069,622
49086,618
49103,606
49121,590
49137,598
49155,614
49172,621
49188,629
49206,624
49222,601
49240,590
49259,583
