40,583
63,574
78,574
93,564
107,574
122,585
137,568
151,561
166,569
181,575
195,569
209,561
225,575
239,574
254,560
269,561
283,575
300,574
314,567
328,565
344,565
358,575
372,552
387,555
402,571
416,571
431,555
446,557
460,564
475,553
490,549
504,568
519,572
534,552
548,548
563,574
578,568
592,554
607,548
622,567
636,568
651,559
665,552
680,570
695,557
709,567
724,557
739,562
754,560
770,545
784,557
798,565
814,555
828,546
842,562
857,561
872,555
886,549
904,556
918,564
933,556
948,544
963,550
977,558
993,555
1007,546
1022,559
1037,562
1052,548
1067,541
1082,556
1096,559
1112,552
1126,546
1141,560
1156,552
1170,543
1185,543
1200,555
1216,556
1230,547
1246,543
1260,556
1275,553
1290,541
1305,552
1319,557
1335,557
1349,541
1364,538
1379,551
1393,552
1409,549
1423,541
1438,556
1453,555
1468,536
1482,545
1498,551
1512,558
1527,535
1542,533
1557,554
1571,551
1587,542
1601,537
1616,549
1631,547
1646,534
1660,530
1679,553
1693,547
1709,536
1723,531
1738,545
1753,546
1768,533
1782,529
1798,550
1812,544
1827,538
1842,534
1857,540
1871,544
1887,537
1901,542
1916,537
1931,543
1946,527
1960,537
1976,545
1990,550
2006,527
2020,527
2034,542
2050,541
2064,537
2079,536
2094,549
2109,535
2124,527
2140,532
2154,540
2169,537
2184,527
2198,528
2213,539
2228,542
2243,527
2257,534
2273,543
2287,539
2302,532
2317,538
2332,545
2347,538
2362,523
2376,536
2392,542
2406,537
2421,531
2439,516
2453,541
2468,527
2483,512
2498,525
2512,539
2528,535
2542,523
2556,528
2572,536
2587,531
2603,537
2617,524
2632,528
2647,538
2662,529
2676,536
2691,546
2706,532
2720,524
2736,530
2750,539
2765,533
2780,530
2795,531
2809,539
2825,514
2839,521
2854,522
2869,522
2884,511
2898,499
2913,510
2928,508
2942,506
2958,503
2972,506
2988,517
3002,504
3017,502
3032,506
3047,517
3062,513
3077,503
3092,509
3106,516
3122,507
3136,507
3151,516
3166,518
3181,491
3198,480
3213,478
3228,489
3243,480
3258,471
3272,476
3287,494
3302,490
3316,481
3332,500
3346,513
3361,494
3376,494
3391,508
3405,519
3421,509
3435,497
3450,508
3465,524
3479,508
3495,505
3510,510
3525,525
3539,505
3555,497
3569,514
3585,519
3599,506
3614,505
3629,511
3643,520
3658,505
3673,508
3688,516
3702,516
3718,498
3732,516
3747,508
3762,509
3777,501
3791,501
3807,506
3821,511
3836,505
3851,508
3866,507
3880,511
3896,513
3910,511
3926,511
3940,506
3963,515
3978,514
3993,504
4007,511
4023,513
4037,527
4052,505
4067,510
4082,509
4097,513
4112,497
4126,513
4142,520
4156,503
4171,498
4186,503
4201,513
4215,493
4231,488
4245,497
4260,499
4275,497
4290,488
4305,506
4320,478
4335,490
4349,487
4365,494
4379,500
4395,495
4409,496
4424,502
4440,511
4454,500
4469,486
4484,507
4499,497
4513,495
4529,491
4543,501
4558,512
4573,505
4588,493
4602,502
4618,495
4632,487
4647,495
4662,493
4677,497
4691,497
4707,508
4721,518
4739,516
4754,513
4768,509
4784,524
4798,530
4813,521
4828,544
4843,580
4857,582
4873,598
4888,615
4902,670
4918,693
4932,700
4947,720
4962,756
4977,774
4992,770
5007,750
5021,750
5037,751
5051,715
5066,679
5081,662
5096,633
5110,598
5126,571
5140,551
5155,565
5170,555
5185,533
5199,542
5215,538
5229,523
5244,520
5259,521
5274,530
5288,507
5304,525
5318,528
5334,525
5349,512
5363,523
5379,531
5393,522
5408,509
5423,518
5438,522
5452,522
5468,512
5482,515
5499,520
5515,522
5529,527
5543,513
5559,524
5573,525
5587,513
5603,516
5617,531
5632,522
5647,515
5661,523
5676,530
5691,524
5705,517
5721,532
5735,533
5749,533
5765,510
5779,548
5794,586
5809,578
5824,609
5838,640
5853,678
5868,697
5882,728
5897,765
5912,785
5926,802
5942,824
5956,839
5970,845
5986,833
6000,822
6014,815
6030,796
6044,768
6059,733
6074,684
6088,618
6103,587
6118,573
6132,571
6147,580
6162,550
6176,552
6191,552
6206,528
6220,534
6236,538
6253,552
6268,536
6283,538
6297,535
6312,551
6327,546
6341,530
6356,543
6371,536
6385,530
6401,532
6415,539
6430,527
6445,515
6459,528
6474,535
6489,537
6503,522
6518,531
6533,535
6547,533
6562,514
6577,534
6591,539
6606,523
6621,539
6635,536
6650,544
6665,529
6679,526
6694,546
6710,545
6724,533
6739,536
6754,558
6768,539
6784,547
6798,580
6812,599
6828,642
6842,680
6857,730
6872,781
6886,817
6901,838
6916,862
6930,860
6945,834
6960,802
6975,782
6989,748
7007,695
7021,649
7036,613
7051,595
7066,549
7080,505
7096,531
7110,534
7126,503
7140,478
7163,466
7179,447
7193,461
7208,455
7223,443
7238,444
7252,457
7267,448
7282,434
7297,432
7312,437
7327,436
7342,423
7357,404
7371,433
7387,428
7401,403
7415,392
7431,409
7445,415
7460,386
7475,394
7490,411
7504,410
7520,396
7534,400
7549,407
7564,413
7579,396
7593,383
7609,398
7624,400
7640,406
7654,390
7669,400
7684,399
7698,389
7713,397
7728,409
7743,408
7757,393
7776,385
7790,428
7805,474
7820,458
7835,477
7849,501
7865,522
7879,556
7895,584
7909,617
7924,649
7939,673
7953,707
7968,755
7983,751
7998,757
8012,770
8028,760
8042,731
8057,687
8072,654
8088,610
8102,539
8118,440
8132,382
8147,387
8162,405
8177,363
8192,365
8207,413
8221,421
8236,392
8251,430
8265,466
8281,446
8296,429
8310,443
8326,447
8340,440
8354,434
8370,440
8384,440
8399,447
8414,433
8429,437
8443,445
8459,434
8473,425
8488,443
8503,445
8518,439
8532,425
8551,426
8566,435
8581,444
8596,441
8610,430
8625,450
8640,445
8654,435
8670,431
8684,446
8699,440
8714,430
8729,437
8743,447
8759,437
8773,434
8788,438
8803,446
8818,435
8833,425
8848,440
8862,441
8877,434
8892,431
8906,435
8922,449
8936,435
8951,434
8966,444
8981,439
8996,440
9011,423
9026,444
9040,447
9056,439
9070,428
9085,445
9100,452
9115,428
9129,427
9145,442
9159,451
9175,436
9189,432
9204,447
9219,444
9233,434
9248,432
9263,439
9278,447
9292,423
9310,436
9325,453
9339,445
9355,435
9369,444
9384,450
9399,449
9414,423
9428,426
9444,452
9459,451
9474,447
9489,435
9503,448
9519,451
9533,445
9548,433
9563,450
9578,448
9592,445
9607,440
9622,445
9636,452
9652,456
9666,435
9681,449
9696,444
9711,442
9725,436
9741,455
9755,444
9771,430
9785,441
9800,454
9815,449
9829,442
9844,442
9859,454
9874,455
9888,450
9904,451
9919,452
9933,454
9949,440
9963,456
9978,454
9993,455
10008,440
10022,449
10038,456
10052,448
10070,450
10085,443
10099,458
10115,456
10129,447
10144,445
10160,464
10174,462
10189,437
10204,444
10219,460
10233,465
10249,444
10263,455
10278,461
10293,467
10308,455
10322,450
10338,456
10352,454
10368,440
10383,457
10398,454
10413,456
10428,449
10442,440
10458,463
10472,458
10487,446
10502,451
10517,465
10531,455
10547,445
10561,452
10576,449
10591,453
10606,447
10620,457
10636,457
10650,454
10665,444
10680,456
10695,464
10710,458
10725,439
10739,449
10758,461
10772,464
10787,449
10802,441
10817,453
10832,458
10847,447
10862,441
10876,457
10892,460
10906,444
10921,445
10936,456
10951,461
10967,456
10981,440
10996,462
11011,459
11026,446
11040,460
11056,456
11070,471
11085,447
11100,446
11115,463
11129,468
11145,444
11159,453
11174,459
11190,462
11204,450
11219,458
11234,452
11249,464
11264,445
11279,463
11294,462
11309,457
11324,445
11339,440
11354,452
11369,464
11383,446
11399,454
11413,457
11428,461
11443,447
11461,443
11475,469
11491,468
11505,450
11525,449
11539,440
11553,459
11569,459
11583,452
11597,456
11613,464
11627,458
11642,446
11657,453
11672,464
11686,464
11702,440
11716,455
11730,467
11746,459
11761,451
11776,452
11791,460
11805,462
11821,434
11835,459
11849,461
11865,460
11879,441
11894,456
11909,465
11924,456
11938,450
11953,461
11968,464
11982,445
11998,442
12012,467
12026,462
12042,451
12056,439
12071,461
12086,465
12100,447
12115,445
12130,474
12154,447
12172,458
12188,464
12207,474
12223,463
12240,446
12257,441
12274,453
12291,465
12308,465
12324,468
12342,453
12358,453
12376,443
12392,460
12409,461
12426,463
12443,459
12460,445
12477,448
12493,448
12511,460
12527,459
12545,465
12561,453
12578,446
12595,447
12612,451
12628,465
12646,470
12662,465
12680,451
12696,442
12713,451
12731,458
12747,464
12765,464
12781,466
12798,452
12815,446
12832,456
12849,461
12866,458
12882,466
12900,457
12916,447
12934,453
12953,451
12971,459
12987,462
13004,464
13021,466
13038,462
13056,449
13072,452
13089,463
13107,467
13123,467
13140,463
13157,459
13174,451
13192,450
13208,465
13225,462
13243,477
13260,461
13278,453
13294,456
13312,463
13328,460
13345,460
13363,482
13379,468
13396,456
13413,447
13430,452
13448,464
13464,464
13481,467
13499,467
13515,455
13533,459
13549,448
13566,465
13584,461
13600,460
13618,462
13635,461
13651,449
13669,453
13685,460
13703,464
13720,466
13740,473
13757,465
13774,459
13792,447
13808,462
13826,466
13842,459
13859,470
13877,456
13893,453
13911,451
13928,445
13944,467
13962,472
13978,466
13996,463
14013,450
14029,448
14047,453
14064,468
14081,460
14098,461
14114,460
14132,459
14149,458
14166,458
14183,466
14200,461
14217,466
14234,459
14251,451
14268,449
14285,459
14303,456
14320,469
14337,467
14354,465
14371,458
14388,446
14405,451
14422,464
14439,464
14456,459
14473,461
14490,452
14508,453
14524,461
14543,458
14561,465
14578,454
14595,469
14612,464
14628,447
14646,459
14663,461
14680,460
14697,462
14713,464
14731,463
14748,453
14765,457
14782,459
14799,470
14817,467
14834,464
14851,458
14868,459
14884,454
14902,465
14919,463
14936,468
14953,471
14969,462
14987,453
15004,459
15021,468
15038,465
15055,468
15072,467
15089,458
15106,451
15123,450
15140,470
15157,463
15174,468
15191,465
15208,448
15225,458
15242,457
15259,466
15276,470
15293,466
15310,457
15327,444
15342,450
15360,464
15377,467
15393,473
15411,469
15428,456
15444,454
15462,450
15478,467
15496,467
15512,467
15529,469
15547,450
15563,447
15581,455
15597,462
15614,466
15632,466
15648,461
15666,451
15683,450
15699,458
15717,468
15734,467
15751,466
15768,466
15784,452
15802,458
15818,456
15836,464
15853,469
15870,468
15888,466
15904,450
15922,446
15939,459
15955,464
15973,468
15989,469
16007,467
16024,456
16040,457
16058,467
16074,475
16092,459
16109,471
16129,465
16145,459
16162,452
16180,454
16196,465
16214,471
16231,471
16247,466
16265,455
16281,456
16299,453
16316,463
16332,471
16350,469
16367,460
16384,461
16402,457
16418,450
16436,456
16453,468
16470,466
16487,462
16503,458
16521,456
16538,452
16555,462
16572,483
16589,473
16606,468
16623,460
16641,459
16657,457
16674,469
16691,477
16708,468
16726,463
16742,460
16759,454
16777,455
16793,461
16811,472
16827,464
16844,472
16862,453
16878,455
16896,457
16912,472
16933,473
16950,472
16967,467
16984,469
17001,464
17018,455
17035,454
17052,462
17070,473
17086,464
17103,468
17120,454
17137,445
17155,461
17171,473
17188,471
17205,466
17222,467
17240,464
17256,450
17273,449
17291,472
17307,476
17325,465
17341,467
17358,462
17376,447
17392,462
17410,467
17427,462
17444,473
17462,465
17478,451
17496,450
17512,457
17529,465
17547,455
17563,467
17581,463
17598,453
17614,452
17632,465
17648,476
17666,475
17683,471
17699,465
17719,469
17736,447
17753,451
17770,463
17786,468
17804,468
17820,460
17838,458
17854,464
17871,456
17888,468
17905,472
17922,475
17939,465
17955,446
17973,453
17990,460
18007,471
18024,472
18040,478
18058,460
18074,462
18092,447
18108,471
18125,473
18142,473
18159,465
18176,458
18193,456
18209,461
18227,461
18243,469
18260,468
18277,460
18294,464
18311,456
18328,464
18344,471
18362,478
18378,467
18396,463
18412,445
18429,463
18446,461
18463,470
18480,474
18497,471
18516,466
18534,466
18550,450
18568,463
18584,476
18601,469
18618,461
18635,462
18652,458
18669,456
18685,466
18703,468
18719,471
18737,467
18753,457
18770,455
