39,580
63,593
77,570
92,576
107,571
121,579
136,569
151,570
165,577
180,579
195,568
209,571
224,576
239,569
254,559
270,589
284,586
299,568
314,563
328,579
343,579
358,570
372,561
387,582
402,572
416,560
432,564
446,569
460,572
475,560
490,564
504,570
519,567
534,561
548,578
564,574
578,559
593,559
608,571
622,575
637,565
652,554
666,576
681,569
696,567
716,557
731,553
745,580
760,569
775,557
789,563
804,568
819,567
833,558
848,560
863,569
878,560
892,548
910,551
924,567
940,568
954,553
969,553
984,560
999,556
1013,549
1029,556
1043,560
1058,565
1074,558
1088,554
1103,558
1118,557
1133,559
1147,550
1163,557
1178,568
1193,555
1208,546
1223,571
1238,565
1253,557
1267,553
1283,563
1297,560
1312,551
1327,550
1342,563
1356,561
1372,548
1386,548
1401,558
1416,561
1431,541
1445,544
1461,557
1475,553
1490,540
1505,558
1520,553
1534,556
1550,550
1565,551
1580,553
1595,553
1609,546
1625,554
1640,562
1654,550
1670,538
1687,541
1702,560
1717,557
1732,548
1746,541
1762,555
1776,561
1792,541
1806,548
1821,556
1836,561
1851,540
1865,536
1881,554
1895,550
1910,539
1925,540
1940,554
1954,558
1970,542
1984,544
1999,563
2014,547
2029,542
2043,544
2059,551
2073,550
2089,547
2104,548
2119,552
2134,553
2149,546
2163,543
2179,550
2193,546
2208,542
2223,548
2238,556
2252,546
2268,539
2282,541
2297,552
2312,552
2327,538
2341,545
2357,549
2371,546
2386,533
2401,547
2416,543
2430,548
2448,543
2463,545
2478,554
2493,549
2508,536
2523,538
2537,552
2553,545
2568,544
2583,529
2597,542
2613,537
2627,524
2642,518
2657,528
2672,513
2686,519
2702,502
2716,515
2732,508
2746,509
2761,507
2776,516
2791,528
2805,520
2821,533
2835,541
2850,528
2865,527
2880,548
2894,555
2910,550
2924,538
2939,539
2954,541
2969,525
2983,509
2999,503
3014,501
3028,501
3044,480
3058,489
3074,501
3088,516
3103,517
3118,519
3133,532
3147,532
3163,517
3177,536
3192,539
3210,526
3224,514
3239,525
3254,530
3269,541
3283,523
3299,529
3313,537
3329,528
3343,522
3358,534
3373,536
3388,528
3402,530
3418,528
3432,538
3447,531
3463,521
3478,526
3492,532
3507,535
3522,526
3536,532
3552,544
3566,537
3581,519
3596,528
3611,535
3625,532
3641,523
3655,528
3671,535
3686,528
3700,523
3716,527
3730,524
3745,531
3760,522
3775,535
3789,533
3805,525
3819,517
3834,532
3849,536
3863,524
3878,521
3894,536
3908,539
3923,528
3939,522
3953,530
3971,541
3986,540
4000,519
4016,524
4030,536
4045,532
4060,516
4075,533
4089,530
4105,526
4119,517
4134,522
4149,543
4164,533
4178,502
4194,528
4209,532
4224,520
4238,519
4253,512
4269,532
4283,529
4297,511
4313,528
4328,529
4342,522
4357,513
4372,532
4387,530
4403,514
4417,512
4432,527
4447,528
4462,519
4476,516
4492,531
4506,526
4521,521
4536,516
4551,530
4566,531
4581,528
4595,512
4611,524
4625,560
4640,567
4655,561
4670,584
4685,608
4700,605
4715,613
4729,632
4747,652
4762,645
4776,634
4792,631
4806,623
4822,597
4837,568
4851,557
4867,550
4882,545
4896,538
4912,537
4926,532
4941,536
4956,527
4971,528
4985,535
5001,531
5015,518
5030,529
5045,545
5060,540
5074,518
5090,525
5104,539
5120,531
5134,523
5149,536
5164,556
5179,526
5193,518
5209,531
5223,537
5238,526
5253,516
5268,533
5282,542
5299,530
5313,517
5328,527
5343,541
5358,524
5372,522
5388,532
5402,537
5417,526
5432,523
5447,541
5462,546
5476,552
5491,563
5509,599
5523,629
5538,659
5553,672
5568,686
5582,710
5597,714
5612,702
5626,698
5642,690
5656,670
5670,634
5686,618
5700,586
5714,566
5730,545
5744,546
5760,553
5775,536
5789,522
5804,526
5819,535
5833,513
5848,511
5863,522
5877,520
5893,500
5907,509
5921,522
5937,512
5951,491
5965,502
5981,512
5995,496
6010,495
6025,510
6039,505
6054,497
6069,503
6083,501
6098,505
6113,501
6128,489
6142,499
6157,503
6172,492
6187,490
6201,503
6217,497
6232,482
6246,492
6263,500
6279,497
6293,488
6307,489
6323,491
6337,491
6351,487
6367,491
6381,496
6395,492
6411,469
6425,504
6440,522
6455,512
6469,519
6484,535
6499,568
6513,578
6529,596
6543,628
6558,655
6573,660
6587,690
6602,736
6617,762
6631,764
6646,761
6661,778
6676,780
6691,758
6706,732
6720,709
6735,660
6750,596
6765,546
6779,543
6794,497
6809,497
6823,517
6838,482
6853,467
6867,467
6883,469
6897,474
6912,462
6927,459
6941,481
6956,476
6971,465
6985,464
7000,482
7018,474
7032,473
7048,462
7062,467
7076,469
7092,472
7107,464
7122,475
7137,479
7152,478
7166,461
7182,478
7196,487
7212,478
7226,466
7241,479
7256,479
7271,484
7285,477
7301,494
7315,554
7330,556
7345,574
7360,627
7374,674
7390,703
7404,734
7419,773
7434,783
7449,773
7463,767
7479,806
7493,788
7508,778
7523,758
7538,758
7553,738
7568,698
7583,656
7599,628
7613,589
7628,519
7643,485
7658,499
7672,479
7688,468
7702,476
7717,476
7732,483
7747,505
7761,496
7779,491
7794,519
7809,500
7824,490
7838,503
7854,499
7868,496
7883,481
7898,496
7913,502
7927,492
7943,490
7958,494
7972,504
7988,493
8002,485
8017,496
8032,503
8047,491
8062,480
8077,494
8092,494
8107,488
8122,480
8137,492
8152,498
8167,487
8181,477
8197,493
8211,495
8226,489
8241,475
8256,492
8275,505
8290,499
8305,487
8320,480
8335,491
8349,497
8365,479
8379,478
8394,493
8409,491
8424,482
8439,479
8454,488
8469,491
8483,484
8499,480
8514,489
8529,491
8544,484
8561,479
8577,484
8591,503
8606,490
8621,477
8636,480
8651,489
8666,492
8680,482
8695,486
8710,500
8725,485
8739,471
8755,489
8769,496
8784,487
8799,482
8814,484
8828,497
8844,486
8858,479
8873,488
8888,485
8903,480
8918,481
8933,488
8947,502
8963,483
8978,478
8992,485
9008,494
9022,484
9037,477
9052,488
9067,496
9081,485
9097,464
9111,487
9126,492
9141,482
9156,480
9170,485
9186,489
9200,474
9216,481
9230,487
9245,496
9260,479
9275,475
9289,493
9305,494
9322,486
9336,474
9352,487
9366,498
9381,483
9396,473
9411,488
9426,491
9442,488
9456,474
9472,489
9486,491
9501,488
9516,475
9530,491
9545,490
9560,473
9575,479
9589,486
9605,490
9619,479
9634,480
9649,486
9664,495
9678,486
9694,476
9708,493
9723,488
9738,480
9753,478
9767,496
9783,485
9797,474
9812,476
9827,489
9842,498
9857,482
9872,480
9887,487
9902,494
9917,484
9931,483
9947,496
9961,490
9976,474
9991,472
10006,494
10020,485
10036,468
10051,483
10065,489
10083,492
10098,481
10113,470
10128,494
10142,494
10158,480
10172,474
10187,487
10203,491
10217,481
10232,473
10247,486
10262,494
10276,484
10292,471
10306,487
10321,488
10337,483
10352,479
10366,493
10382,493
10396,480
10412,473
10426,492
10441,495
10457,486
10471,475
10486,497
10501,493
10516,484
10530,478
10546,487
10560,492
10575,487
10590,472
10605,487
10619,499
10635,482
10650,472
10664,485
10680,486
10694,478
10710,470
10724,491
10739,490
10754,474
10772,475
10786,480
10802,482
10817,473
10832,474
10847,481
10862,492
10876,486
10892,478
10906,482
10921,485
10936,491
10951,473
10967,479
10981,487
10996,485
11011,477
11026,483
11040,483
11056,491
11070,471
11085,475
11100,485
11115,483
11130,472
11145,481
11160,489
11174,485
11190,477
11204,480
11219,488
11235,487
11249,474
11265,478
11280,489
11294,486
11310,469
11325,478
11339,488
11355,486
11369,471
11384,480
11399,491
11414,485
11428,472
11444,485
11459,485
11476,490
11491,474
11505,472
11521,483
11535,492
11550,473
11565,476
11580,489
11594,491
11609,480
11624,487
11638,493
11654,486
11668,475
11683,473
11698,483
11713,488
11728,471
11743,474
11757,479
11772,486
11787,470
11802,480
11816,482
11831,487
11846,469
11860,487
11876,487
11890,480
11906,470
11920,498
11934,489
11950,477
11964,470
11979,481
11994,490
12008,475
12023,468
12038,483
12053,492
12067,476
12083,476
12097,484
12111,488
12127,484
12141,472
12167,478
12184,469
12200,489
12218,485
12234,491
12252,483
12268,476
12285,477
12302,466
12319,480
12336,479
12353,483
12370,483
12387,477
12404,463
12421,472
12438,481
12454,490
12472,489
12488,484
12506,469
12522,472
12539,478
12556,483
12573,489
12590,481
12607,484
12623,475
12641,464
12658,472
12675,484
12692,483
12709,489
12726,477
12743,468
12760,466
12777,474
12793,483
12811,487
12828,489
12845,474
12862,469
12878,471
12896,483
12912,489
12930,490
12946,481
12965,482
12983,472
13000,470
13017,478
13034,483
13051,492
13068,496
13085,481
13102,462
13119,470
13136,474
13153,488
13170,485
13188,484
13205,490
13222,479
13239,469
13256,473
13274,482
13290,482
13307,485
13325,477
13341,476
13359,466
13376,480
13392,477
13410,485
13427,491
13444,483
13461,467
13478,467
13495,464
13512,482
13529,487
13546,486
13563,483
13580,472
13597,464
13615,469
13631,478
13648,482
13666,486
13682,480
13700,473
13717,468
13734,467
13754,469
13771,478
13789,478
13805,483
13822,482
13839,474
13856,466
13874,470
13890,484
13907,482
13925,484
13941,481
13959,468
13976,463
13992,472
14010,478
14027,487
14044,491
14061,477
14078,477
14095,462
14112,474
14129,476
14146,476
14163,480
14180,471
14197,472
14215,463
14231,479
14248,481
14266,467
14283,482
14301,480
14317,474
14334,462
14352,460
14368,474
14386,477
14403,483
14419,476
14437,473
14454,456
14471,469
14488,475
14504,485
14522,485
14539,477
14559,481
14576,457
14593,465
14610,465
14627,472
14644,481
14661,479
14678,478
14695,460
14712,466
14729,469
14746,469
14764,481
14781,482
14798,478
14815,465
14832,466
14850,475
14866,477
14883,480
14900,482
14917,475
14935,456
14951,463
14968,460
14986,473
15002,480
15020,483
15036,477
15053,467
15071,468
15087,467
15105,478
15122,477
15138,480
15156,482
15173,464
15190,473
15207,469
15223,482
15241,477
15258,478
15275,473
15292,461
15309,461
15327,476
15346,473
15364,480
15380,484
15397,461
15415,476
15431,469
15449,461
15466,468
15482,481
15500,479
15516,489
15534,477
15551,466
15567,477
15585,475
15602,471
15619,479
15636,472
15652,475
15670,461
15687,466
15704,470
15721,481
15738,480
15755,485
15772,473
15790,468
15806,469
15823,472
15841,482
15858,483
15875,476
15892,474
15909,463
15926,459
15943,472
15961,483
15977,486
15994,482
16012,472
16028,464
16046,457
16063,471
16079,481
16097,479
16113,478
16131,476
16150,477
16167,465
16185,464
16202,476
16219,476
16236,490
16253,487
16270,480
16287,454
16305,461
16321,469
16338,484
16357,482
16377,481
16395,491
16412,486
16429,475
16446,460
16463,465
16480,471
16497,473
16515,484
16531,488
16548,477
16566,462
16582,464
16600,474
16617,471
16633,483
16651,482
16668,477
16685,463
16702,451
16719,468
16737,475
16753,480
16771,482
16788,473
16804,457
16822,462
16839,463
16857,476
16873,484
16891,484
16908,478
16925,463
16943,463
16957,480
16974,493
16992,470
17008,483
17026,465
17042,466
17059,459
17077,481
17094,479
17111,495
17128,479
17145,477
17162,465
17179,467
17197,477
17213,473
17230,478
17247,476
17264,469
17282,465
17298,457
17315,479
17333,478
17349,474
17367,479
17384,474
17400,464
17419,463
17435,468
17453,476
17470,472
17486,473
17504,476
17521,458
17538,462
17555,466
17572,472
17589,480
17606,479
17624,474
17640,458
17657,458
17675,466
17691,478
17709,481
17725,483
17745,472
17762,473
17779,465
17796,457
17813,474
17829,473
17847,482
17863,490
17881,466
17897,460
17914,468
17931,477
17949,484
17966,459
17983,479
17999,473
18017,458
18033,473
18051,479
18067,479
18084,480
18101,471
18118,464
18135,462
18152,470
18168,478
18186,478
18202,475
18220,469
18236,465
18253,462
18270,478
18287,486
18304,473
18321,476
18337,472
18355,461
18372,465
18388,478
18406,480
18422,478
18440,473
18456,478
18473,460
18491,467
18508,480
18525,481
18544,482
18562,472
18578,463
18595,463
18612,457
18629,472
18646,480
18663,486
18679,478
18697,466
18713,458
18731,464
18747,484
18764,480
18781,479
18798,465
